gene	4	5	15	16	17	18
SMU109_00005	21116	19253	20993	22834	18141	16273
SMU109_00010	57839	49319	57816	60118	52059	45548
SMU109_00015	15559	24983	24180	31438	24393	20555
SMU109_00020	187	1557	1028	2127	1381	1488
SMU109_00025	155	197	237	262	199	250
SMU109_00030	2644	2753	2856	3412	2847	3357
SMU109_00035	8906	9903	9199	9994	8571	13321
SMU109_00040	6417	9873	8283	10686	8216	12124
SMU109_00045	9891	9908	8468	9514	8295	11018
SMU109_00050	910	2004	1923	1905	1384	1430
SMU109_00055	2024	1888	2223	1846	1444	1624
SMU109_00060	2813	3828	3343	4242	2882	3384
SMU109_00065	3367	3448	2691	2889	3013	3066
SMU109_00070	3633	4271	3676	4115	3989	4080
SMU109_00075	891	3030	2265	3559	2413	2643
SMU109_00080	6571	8059	9403	10968	8198	6336
SMU109_00085	16030	12565	15338	14144	11769	9282
SMU109_00090	9100	8877	10925	11601	9261	7145
SMU109_00095	3101	3427	4076	4359	3669	3049
SMU109_00100	972	1849	1425	1414	1332	1697
SMU109_01828	5053	4468	3694	3981	3218	5706
SMU109_01833	1906	1782	1289	1439	1163	2206
SMU109_01838	35	46	29	45	28	35
SMU109_01843	743	1018	709	834	667	829
SMU109_01848	5208	7252	4405	5192	4173	5718
SMU109_01853	983	1541	1140	1392	1319	1665
SMU109_01858	2286	2927	2084	2462	1954	2442
SMU109_01863	1215	1917	1527	1632	1399	1677
SMU109_01868	354	510	438	452	347	506
SMU109_01873	0	0	0	0	0	0
SMU109_01878	2526	4180	3322	3761	2774	3075
SMU109_01883	218	232	211	206	166	226
SMU109_01888	97	198	177	184	142	213
SMU109_09886	1	3	1	2	3	5
SMU109_09891	713	899	674	876	760	979
SMU109_09896	2611	2728	1954	2201	2036	3320
SMU109_09901	1420	1752	1363	1662	1584	2526
SMU109_09906	937	1395	1030	1368	1252	1885
SMU109_09911	67303	71812	50827	53340	46183	51853
SMU109_09916	7847	10731	8357	10158	8539	8238
SMU109_09921	4499	5179	5243	6226	5813	4831
SMU109_09926	153	117	93	105	75	120
SMU109_09942	0	0	0	0	0	0
SMU109_09957	0	0	0	0	0	0
SMU109_09962	0	0	0	0	0	0
SMU109_09967	7594	6575	6195	6485	5981	7403
SMU109_09972	11493	15251	12964	16195	12558	11073
SMU109_09977	0	0	0	0	0	0
SMU109_09982	0	0	0	0	0	0
SMU109_01893	8830	7233	6624	7057	6022	6856
SMU109_01898	23074	24815	20105	22927	20417	23695
SMU109_01903	6105	5471	5737	6015	5789	6081
SMU109_01908	218	385	387	463	336	406
SMU109_01913	2322	2863	2381	2749	2098	2388
SMU109_01918	4665	6189	7257	7371	6236	6316
SMU109_01923	9298	12819	12306	13858	11318	12093
SMU109_01928	2887	3105	2604	2668	2152	3517
SMU109_01933	21134	26200	23297	27788	26049	26262
SMU109_01938	10457	11009	11500	12155	9248	10134
SMU109_01943	5834	6888	7253	7185	5746	6285
SMU109_01948	5997	6248	7731	8123	6939	5991
SMU109_01953	2600	2905	3638	3821	3139	3077
SMU109_01958	4945	5266	6032	6556	5289	5940
SMU109_01963	13345	10570	10218	10365	8410	11187
SMU109_01968	27004	27055	21985	24719	19941	24700
SMU109_01973	510	1180	746	1195	959	1117
SMU109_01978	2736	2548	2096	2417	2397	3116
SMU109_01983	1565	1854	1431	1638	1563	2053
SMU109_01988	5373	4905	3746	4550	3704	4836
SMU109_01993	1728	1632	1044	1485	1205	1538
SMU109_01998	620	433	410	519	362	435
SMU109_02003	375	590	375	418	381	467
SMU109_02008	3909	2724	2034	2291	1488	2657
SMU109_02013	2092	1122	864	1006	718	1310
SMU109_02018	2664	2031	1487	1671	1257	2460
SMU109_02023	2041	2867	1009	1202	1260	3001
SMU109_02028	312	408	309	338	285	296
SMU109_02033	34	686	30	49	181	114
SMU109_02038	17	332	43	35	86	73
SMU109_02043	10098	9621	7129	9345	6939	12252
SMU109_02048	815	2109	2101	2555	2121	1632
SMU109_02053	4239	4812	4500	4465	4178	3587
SMU109_02058	94	104	104	107	108	106
SMU109_02063	212	999	776	1163	752	1017
SMU109_02068	1110	2283	1569	1722	1426	1895
SMU109_02073	1246	2219	1564	2002	1579	2078
SMU109_02078	230	631	366	425	354	491
SMU109_02083	883	700	620	633	446	542
SMU109_02088	505	703	630	721	554	533
SMU109_02093	1094	1283	1281	1307	1014	1307
SMU109_02098	0	0	0	0	0	0
SMU109_02103	0	0	0	0	0	0
SMU109_02108	0	0	0	0	0	0
SMU109_02113	0	0	0	0	0	0
SMU109_02118	0	0	0	0	0	0
SMU109_02123	0	0	0	0	0	0
SMU109_02128	7447	5922	6357	6579	4638	4239
SMU109_02133	30	32	28	48	43	29
SMU109_02138	103	608	287	538	402	968
SMU109_02143	297	603	577	697	534	1116
SMU109_02148	851	865	703	754	617	1516
SMU109_02153	725	830	515	630	494	1416
SMU109_02158	2128	2331	1953	2193	1741	1727
SMU109_02163	2697	2618	2544	2677	2538	2252
SMU109_02168	4544	4991	4977	5549	4721	4821
SMU109_02173	4704	4525	3973	4293	3696	5434
SMU109_02178	3014	3536	3447	4035	3378	3807
SMU109_02183	8084	8844	7602	8798	7704	9055
SMU109_02188	2090	2706	1912	3063	2553	2531
SMU109_02193	2031	2321	2925	3335	2944	3109
SMU109_02198	1485	1892	2452	3077	2736	2563
SMU109_02203	248	1283	1245	1591	1420	1685
SMU109_02208	2246	2182	1703	2032	1865	2385
SMU109_02213	501	563	494	620	514	838
SMU109_02218	2358	3414	2890	3682	3307	2856
SMU109_02223	310	482	379	435	348	191
SMU109_02228	1759	1909	1943	1845	1637	960
SMU109_02233	739	690	775	697	626	454
SMU109_02238	1039	1302	1209	1167	1093	846
SMU109_02243	775	1043	900	921	807	657
SMU109_02248	566	829	748	740	694	603
SMU109_02253	1439	1794	1605	1493	1397	1330
SMU109_02258	731	1266	1017	962	990	931
SMU109_02263	88	228	116	145	145	173
SMU109_02268	22773	32057	28981	35418	28671	43278
SMU109_02273	1317	1433	2016	1883	1698	1516
SMU109_02278	7347	7408	7728	7846	6499	6035
SMU109_02283	2718	3883	4024	4730	3709	3169
SMU109_02288	32137	33946	29995	33836	25637	32458
SMU109_02293	3819	4479	4139	4317	3553	4272
SMU109_02298	7631	8068	6845	7525	6758	10721
SMU109_02303	4891	8212	6267	7858	7110	11259
SMU109_02308	5522	8250	7143	8306	7299	11767
SMU109_02313	28250	25452	21041	23124	19723	23979
SMU109_02318	39549	37993	30744	34953	29616	36730
SMU109_02323	21187	21363	19181	21729	19116	22197
SMU109_02328	25338	22971	20494	20579	19437	23123
SMU109_02333	765	5188	3900	7710	6220	6775
SMU109_02338	17401	22819	22405	28007	25196	28951
SMU109_02343	19952	22547	21677	25343	22600	26038
SMU109_02348	9907	14365	11141	13902	13867	13477
SMU109_02353	82	206	141	205	174	172
SMU109_09987	0	0	0	0	0	0
SMU109_09992	0	0	0	0	0	0
SMU109_09997	0	0	0	0	0	0
SMU109_10007	528	801	699	881	610	652
SMU109_10012	1700	1358	1299	1086	864	1010
SMU109_10017	994	1559	1493	1923	1379	1230
SMU109_10022	0	0	0	0	0	0
SMU109_10041	0	6	4	2	5	4
SMU109_10046	0	0	0	0	0	0
SMU109_10051	429	311	328	276	270	272
SMU109_10056	15	30	14	35	17	15
SMU109_02358	3461	3369	2312	2534	1976	3101
SMU109_02363	2043	3132	2263	2840	2458	3908
SMU109_02368	4618	3769	2930	3062	2894	4562
SMU109_02373	5196	6602	5455	6542	4758	8033
SMU109_02378	3549	4338	3219	3821	3494	4848
SMU109_02383	7224	6957	5524	6639	6493	9057
SMU109_02388	3514	3926	3157	3824	3481	5463
SMU109_02393	5746	5257	4454	5101	4787	8267
SMU109_02398	2016	2213	1747	2134	1901	3295
SMU109_02403	66	61	63	69	50	79
SMU109_02408	754	916	691	874	686	1036
SMU109_02413	663	807	582	732	585	775
SMU109_02418	10074	14767	11119	14719	11719	16013
SMU109_02423	11351	16213	16702	18841	17171	20763
SMU109_02428	2000	4091	4068	4886	4556	5537
SMU109_02433	5888	10937	9532	14685	12140	13854
SMU109_02438	17655	18725	17037	19737	16935	19838
SMU109_02443	165	1114	1082	1788	1372	1544
SMU109_02448	6712	8588	10340	11966	9994	14059
SMU109_02453	10643	12849	10923	11965	10620	11398
SMU109_02458	474	1943	1376	2253	1925	2219
SMU109_02463	2	2	2	4	4	5
SMU109_02468	0	0	0	0	0	0
SMU109_02473	0	0	0	0	0	0
SMU109_02478	1235	1080	752	877	774	1168
SMU109_02483	4099	3998	2759	2971	2536	3886
SMU109_02488	682	878	628	757	695	1093
SMU109_02493	102	445	287	415	354	505
SMU109_02498	1433	1815	2070	2587	1839	2326
SMU109_02503	603	1508	1490	2186	1593	2116
SMU109_02508	522	394	338	324	255	267
SMU109_02513	349	620	509	571	464	463
SMU109_02518	595	823	656	785	590	689
SMU109_02523	618	1012	834	1026	410	835
SMU109_02528	10332	11268	7641	9097	7703	13868
SMU109_02533	4906	8010	4651	6225	5503	9097
SMU109_02538	511	906	1085	1349	1082	823
SMU109_02543	4480	3848	4389	4365	3720	3350
SMU109_02548	3051	3033	4259	4329	3750	3430
SMU109_02553	3052	4075	4735	5249	4657	4498
SMU109_02558	2490	2694	3894	4316	3826	3760
SMU109_02563	2135	2464	2615	3092	2671	2637
SMU109_02568	4500	4371	4978	5532	4912	5259
SMU109_02573	6139	7430	9385	9949	9388	9445
SMU109_02578	5138	6834	7750	8818	8072	8302
SMU109_02583	3611	5175	5193	6435	4816	6059
SMU109_02588	2814	3780	3376	4063	3374	3995
SMU109_02593	7131	10659	7758	9802	8751	14043
SMU109_02598	10323	8021	6685	7636	6838	10910
SMU109_02603	1168	1810	1421	1748	1512	1758
SMU109_02608	154	269	112	216	179	332
SMU109_02613	5007	5664	3878	4565	4173	4663
SMU109_02618	3235	4233	4035	4862	3882	4127
SMU109_02623	12840	14025	13390	15318	12266	14163
SMU109_02628	1216	1608	1748	1763	1471	1776
SMU109_02633	7891	8845	7169	8503	6306	9173
SMU109_02638	5661	5276	4885	5578	4204	6059
SMU109_02643	5944	8964	8311	10310	8574	10740
SMU109_02648	11144	14210	14167	15894	10951	12230
SMU109_02653	15563	17373	18514	20547	14640	16468
SMU109_02658	22751	24875	26127	28513	20639	23241
SMU109_02663	12911	11164	11265	11695	8948	9573
SMU109_02668	8132	9493	10126	11348	8280	8535
SMU109_02673	24306	24694	26066	25964	18979	21028
SMU109_02678	11012	12284	13845	15115	10286	10383
SMU109_02683	15951	15829	18250	19934	13730	14386
SMU109_02688	17687	18621	19950	20971	14608	15026
SMU109_02693	1145	4692	5099	7227	4988	4459
SMU109_02698	10378	11907	15025	16184	11027	10443
SMU109_02703	11163	10516	12673	12373	8774	8709
SMU109_02708	16235	15440	18746	19354	15170	20838
SMU109_02713	347	464	537	533	482	453
SMU109_02718	3373	4149	3059	3380	3217	3403
SMU109_10071	0	0	0	0	0	0
SMU109_10083	2	4	11	6	9	12
SMU109_10098	222	106	42	48	39	49
SMU109_02723	83	70	47	66	48	59
SMU109_02728	425	295	286	288	272	291
SMU109_02733	260	177	146	138	139	168
SMU109_02738	86	79	83	80	78	80
SMU109_02743	892	837	684	800	739	1105
SMU109_02748	9817	10228	9146	10876	8965	12195
SMU109_02753	7027	7331	7123	7938	6566	8013
SMU109_02758	3146	3542	2950	2987	2261	3618
SMU109_02763	477	363	279	344	262	515
SMU109_10103	31913	48399	32001	46145	37095	38752
SMU109_02768	2093	2736	2128	2434	2266	3086
SMU109_02773	935	964	709	820	789	1019
SMU109_02778	981	1121	839	1057	902	1296
SMU109_02783	737	914	765	847	771	1013
SMU109_02788	426	397	402	410	451	634
SMU109_02793	887	1057	825	970	942	1414
SMU109_02798	1110	1456	1218	1318	1353	1869
SMU109_02803	3054	3163	2418	2666	2185	1991
SMU109_02808	984	1426	1283	1807	1570	1555
SMU109_02813	428	596	685	729	700	705
SMU109_02818	4332	3501	3603	3558	3567	3509
SMU109_02823	8268	10532	9388	10818	9934	10308
SMU109_02828	34644	37086	29147	35610	26959	35018
SMU109_02833	5307	7579	12205	13399	14200	9702
SMU109_02838	3774	6396	9736	11934	12185	8950
SMU109_02843	3083	5310	5094	5820	4749	4579
SMU109_02848	2797	4298	4916	5510	4347	3917
SMU109_02853	5147	6325	7278	7946	6001	5558
SMU109_02858	10748	13089	14902	15097	12768	12496
SMU109_02863	3674	3923	4341	4623	3705	3658
SMU109_02868	7160	8128	8573	9274	7181	7385
SMU109_02873	4768	5509	5627	6136	4805	6000
SMU109_02878	1843	1904	2181	2505	1883	2353
SMU109_02883	223	685	687	880	677	990
SMU109_02888	3100	7597	7360	10063	6767	5749
SMU109_02893	2350	2721	2577	2995	2650	3050
SMU109_02898	1094	1405	1383	1545	1381	1607
SMU109_02903	88	109	102	122	159	114
SMU109_02908	29792	40854	36986	41344	39393	43656
SMU109_02913	3649	4220	3893	4534	3798	3906
SMU109_02918	5179	4809	4825	4939	4420	4772
SMU109_02923	3410	4203	3756	4147	3509	3582
SMU109_02928	4247	5244	4960	5144	4350	4188
SMU109_02933	3736	4692	4483	5081	4316	3899
SMU109_02938	3827	4523	5042	5313	4430	4128
SMU109_02943	1804	2032	2264	2452	2343	1983
SMU109_02948	2740	3129	3088	3371	3014	3107
SMU109_02953	983	1471	1304	1732	1576	1520
SMU109_02958	3775	4984	4834	5055	4683	5025
SMU109_02963	3184	4048	4059	4519	4413	4943
SMU109_02968	2268	3236	2870	3340	2841	3200
SMU109_02973	744	1066	889	1130	997	1250
SMU109_02978	416	588	483	591	539	724
SMU109_02983	253	363	212	299	351	538
SMU109_02988	400	470	349	404	442	761
SMU109_02993	557	553	437	452	461	925
SMU109_02998	3741	3511	2699	3130	2872	4261
SMU109_03003	258	557	444	566	487	718
SMU109_03008	444	569	514	679	573	724
SMU109_03013	45	117	112	161	130	164
SMU109_03018	0	0	0	0	0	0
SMU109_03033	991	1383	1529	1849	1691	2369
SMU109_03038	568	876	944	1103	917	1389
SMU109_03043	1780	1550	1367	1627	1359	1474
SMU109_03048	1487	1467	1453	1620	1496	1411
SMU109_03053	437	579	691	786	746	588
SMU109_03058	496	620	712	743	648	502
SMU109_03063	124	243	276	310	219	215
SMU109_03068	545	666	772	932	761	795
SMU109_03073	790	943	1037	1150	944	1085
SMU109_03078	776	1035	1120	1420	1241	1286
SMU109_03083	1017	1079	958	1109	864	965
SMU109_03088	2109	3233	2760	3316	2883	4159
SMU109_03093	4522	5026	3565	4299	3760	5164
SMU109_03098	7082	7092	6164	6743	5689	7679
SMU109_03103	782	957	938	939	692	481
SMU109_03108	1734	1979	1688	1832	1517	1889
SMU109_03113	3138	3673	3378	3932	2940	2764
SMU109_03118	1264	2205	2219	2681	2058	1765
SMU109_03123	1664	2400	1913	2514	1832	1560
SMU109_03128	1336	1005	1120	1038	819	882
SMU109_03133	782	1723	1203	1625	1414	2047
SMU109_03138	407	663	470	613	548	806
SMU109_03143	1325	1926	1578	2024	1760	2404
SMU109_03148	417	684	536	682	587	755
SMU109_03153	3867	5994	4050	4819	4808	5397
SMU109_03158	995	3925	3578	4717	3996	5381
SMU109_03163	966	1365	1150	1362	1265	1620
SMU109_03168	67300	80315	58018	72894	65963	100687
SMU109_03173	66155	64392	42610	52644	47242	74323
SMU109_03178	5057	8961	8040	9662	8140	11911
SMU109_03183	1379	1163	1115	1175	978	902
SMU109_03188	980	1777	1779	2029	1783	1475
SMU109_03193	1570	1908	1620	2073	1838	1708
SMU109_03198	2862	3471	2762	3208	2862	3357
SMU109_03203	1468	1461	1251	1548	1396	1259
SMU109_03208	59045	81415	71545	78406	63014	54243
SMU109_03215	9582	11371	11910	12876	9177	11555
SMU109_03220	7595	7535	7872	8775	6236	7243
SMU109_03225	4361	4961	5026	5557	4078	4537
SMU109_03230	2784	2959	2985	3280	2230	2355
SMU109_03235	4218	8414	9654	11210	8071	10218
SMU109_03240	6448	5410	7644	8136	6388	8827
SMU109_03245	7378	8413	6507	7499	6047	8182
SMU109_03250	1701	1309	1442	1363	1316	1259
SMU109_03255	662	541	563	562	488	508
SMU109_03260	84	87	94	117	103	85
SMU109_03265	238	319	330	418	359	339
SMU109_03270	1866	1592	1703	1593	1562	1609
SMU109_03275	2108	2572	2139	2507	2108	2425
SMU109_03280	5478	5362	4944	5178	4893	5508
SMU109_03285	4166	4846	4500	4960	4599	4853
SMU109_03290	3646	3256	3121	3404	3153	3246
SMU109_03295	9299	8127	7454	8423	7645	7943
SMU109_03300	1076	1078	1069	1041	970	1141
SMU109_03305	336	471	604	644	537	478
SMU109_03310	10	103	129	148	126	100
SMU109_03315	235	502	387	525	475	701
SMU109_03320	731	990	877	1022	899	1421
SMU109_03325	405	400	378	394	306	427
SMU109_03330	15470	12069	10741	11424	10433	12051
SMU109_03335	10755	12260	10648	12057	10381	11940
SMU109_03340	2630	3046	2772	3335	2771	3221
SMU109_03345	4430	5306	4291	5046	4642	4347
SMU109_03350	6809	7745	5788	6659	6512	7872
SMU109_03355	3739	9056	7934	9422	9296	11032
SMU109_03360	6940	8070	5689	6806	6143	10591
SMU109_03365	29	58	56	92	49	59
SMU109_03370	7212	7162	5882	6429	5458	8075
SMU109_03375	3769	3701	2967	3298	3133	4107
SMU109_03380	3551	3648	2689	3093	2539	3238
SMU109_03385	407	755	690	729	646	752
SMU109_03390	1734	2083	1607	1918	1875	2439
SMU109_03395	6422	6925	5899	7136	5941	6443
SMU109_03400	2648	2814	3454	3363	3268	3677
SMU109_03405	466	477	440	503	443	503
SMU109_03410	4802	6505	7762	9842	8315	8099
SMU109_03415	3163	4834	6017	6695	5801	5299
SMU109_03420	1480	2746	2504	2783	2409	2115
SMU109_03425	3004	4781	4727	5414	4753	4324
SMU109_03430	6349	7964	7273	7657	6624	6973
SMU109_03435	4703	6350	6286	6709	6025	6574
SMU109_03440	5542	7377	8367	9192	7904	8076
SMU109_03445	1679	2847	2751	3567	2726	2768
SMU109_03450	2322	3976	4056	4999	3560	3280
SMU109_03455	571	2121	2061	2900	2113	2087
SMU109_03460	475	1567	1872	2068	1605	1693
SMU109_03465	38477	31193	25070	25843	19923	29768
SMU109_03470	138539	161293	119847	136346	116497	173409
SMU109_03475	57415	41850	28315	30938	27362	40048
SMU109_03480	5987	7312	5462	7451	6798	7916
SMU109_03485	4418	4216	3410	3619	3290	4173
SMU109_03490	759	1024	860	1006	942	1025
SMU109_03495	2591	2206	2048	1893	2063	2277
SMU109_03500	631	682	534	618	579	767
SMU109_03505	877	981	742	794	879	1049
SMU109_03510	660	735	671	754	746	1011
SMU109_03515	624	568	529	546	559	744
SMU109_03520	861	784	721	689	789	1001
SMU109_03525	908	835	669	643	726	999
SMU109_03530	1144	1701	1276	1437	1430	2338
SMU109_03535	1879	2366	1450	1798	1994	4135
SMU109_03540	16766	17447	12691	14400	11098	13867
SMU109_03545	955	982	677	832	923	1022
SMU109_03550	757	838	684	771	817	893
SMU109_03555	2614	3149	3387	3514	3177	3728
SMU109_03560	1460	1660	1328	1653	1324	1723
SMU109_03565	2813	2140	2146	1996	1661	2255
SMU109_03570	7288	8123	6910	7572	6568	10671
SMU109_03575	614	480	340	413	337	416
SMU109_03580	832	848	662	786	795	1176
SMU109_03585	36787	39897	23851	29153	27738	44393
SMU109_03590	4360	5552	3310	4114	3721	6542
SMU109_03595	81	536	416	552	495	628
SMU109_03600	881	1598	1114	1590	1384	1915
SMU109_03605	1051	1395	1045	1277	1051	1510
SMU109_03610	2287	2451	2138	2328	2004	3029
SMU109_03615	698	1440	1434	1547	1452	1953
SMU109_03620	2452	2866	2641	2800	2524	3443
SMU109_03625	1762	2439	2023	2278	2009	2842
SMU109_03630	398	570	385	440	399	641
SMU109_03635	1394	1741	1138	1447	1389	1834
SMU109_03640	1521	1606	1281	1275	1302	1936
SMU109_03645	2797	2311	1676	1785	1764	2520
SMU109_03650	6474	7136	5164	6079	5778	7968
SMU109_03655	4057	4696	4008	4239	4239	3900
SMU109_03660	3138	2902	2530	2538	2585	2643
SMU109_03665	3526	4112	3411	3475	3652	3555
SMU109_03670	0	0	0	0	0	0
SMU109_03675	0	0	0	0	0	0
SMU109_03680	0	0	0	0	0	0
SMU109_03685	0	0	0	0	0	0
SMU109_03690	0	0	0	0	0	0
SMU109_03695	0	0	0	0	0	0
SMU109_03700	0	0	0	0	0	0
SMU109_03705	0	0	0	0	0	0
SMU109_03710	0	0	0	0	0	0
SMU109_03715	0	0	0	0	0	0
SMU109_03720	0	0	0	0	0	0
SMU109_03725	0	0	0	0	0	0
SMU109_03730	0	0	0	0	0	0
SMU109_03735	0	0	0	0	0	0
SMU109_03740	0	0	0	0	0	0
SMU109_03745	0	0	0	0	0	0
SMU109_03750	0	0	0	0	0	0
SMU109_03755	0	0	0	0	0	0
SMU109_03760	0	0	0	0	0	0
SMU109_03765	0	0	0	0	0	0
SMU109_03770	0	0	0	0	0	0
SMU109_03775	0	0	0	0	0	0
SMU109_03780	0	0	0	0	0	0
SMU109_03785	0	0	0	0	0	0
SMU109_03790	0	0	0	0	0	0
SMU109_03795	0	0	0	0	0	0
SMU109_03800	0	0	0	0	0	0
SMU109_03805	0	0	0	0	0	0
SMU109_03810	0	0	0	0	0	0
SMU109_03815	0	0	0	0	0	0
SMU109_03820	0	0	0	0	0	0
SMU109_03825	0	0	0	0	0	0
SMU109_03830	0	0	0	0	0	0
SMU109_03835	5436	10131	8850	11667	8503	7853
SMU109_03840	6012	9589	7678	9771	6981	7235
SMU109_03845	871	743	784	828	681	761
SMU109_03850	1341	1186	1150	1162	1034	1137
SMU109_03855	3428	4413	3408	3845	3736	6508
SMU109_03860	3703	3274	4011	4014	3622	4852
SMU109_03865	3664	3550	3937	4444	4075	5007
SMU109_03870	5366	6295	6182	7563	6653	7671
SMU109_03875	648	801	664	747	624	651
SMU109_03880	803	949	723	899	803	910
SMU109_03885	861	1782	1351	1586	1299	1759
SMU109_03890	11398	11472	9444	10432	8443	12557
SMU109_03895	6706	7238	4763	5519	5008	7587
SMU109_03900	642	1235	1906	1808	1371	1289
SMU109_03907	3998	5772	4671	5411	3892	5939
SMU109_03912	12990	12758	12922	13125	10643	11594
SMU109_03917	711	693	719	761	686	622
SMU109_03922	379	459	512	531	526	386
SMU109_03927	636	794	816	874	783	674
SMU109_03932	3050	2738	3072	2949	2900	2569
SMU109_03937	2157	2535	2475	2982	2183	3186
SMU109_00105	14950	18400	14944	17459	13332	18297
SMU109_00110	7673	9650	9316	9678	8002	10934
SMU109_00115	836	1516	1237	1411	1080	1758
SMU109_00120	611	696	461	568	418	781
SMU109_00125	12233	14937	13022	14236	11782	14930
SMU109_00130	437	479	426	456	384	418
SMU109_00135	243	316	221	287	227	307
SMU109_00140	405	314	285	246	224	229
SMU109_00145	394	452	390	351	291	316
SMU109_00150	607	748	530	543	425	467
SMU109_00155	0	0	0	0	0	0
SMU109_00160	0	0	0	0	0	0
SMU109_00165	58	56	55	63	38	106
SMU109_00170	18969	18365	15141	16466	14211	19950
SMU109_00175	3456	4359	4094	4451	4018	5570
SMU109_03950	0	0	0	0	0	0
SMU109_03955	916	1300	1615	2156	1603	1737
SMU109_03960	6607	7433	8400	9190	7569	8364
SMU109_03965	7365	6143	5660	6334	5151	6044
SMU109_03970	3908	3883	3937	4068	3674	4482
SMU109_03975	5030	5382	5351	6178	5167	5630
SMU109_03980	120	264	272	323	265	283
SMU109_03985	2000	2334	2420	2880	2381	2493
SMU109_03990	2882	2659	3075	3195	2835	3161
SMU109_03995	643	848	800	831	743	843
SMU109_04000	41251	47617	24222	31174	17934	50026
SMU109_04005	458	730	537	680	562	813
SMU109_04010	364	297	157	184	265	303
SMU109_04015	87	99	66	54	93	94
SMU109_04020	326	272	161	173	316	252
SMU109_04025	10150	8060	7713	7791	6583	10359
SMU109_04030	1803	1278	837	1071	858	1855
SMU109_04035	2011	1740	1141	1524	1324	2680
SMU109_04040	29	56	57	81	64	101
SMU109_04045	62	112	81	133	117	222
SMU109_04050	2447	2655	1939	2510	2222	4192
SMU109_04055	611	1481	876	1488	1283	1910
SMU109_04060	586	1355	958	1257	1031	1839
SMU109_04065	834	1213	847	1245	941	1882
SMU109_04070	686	1520	849	1336	1086	2018
SMU109_04075	727	1139	749	926	743	1254
SMU109_04080	1014	947	563	711	590	1088
SMU109_04085	1044	1560	1390	1830	1224	1270
SMU109_04090	15688	14204	12033	12455	9685	8755
SMU109_04095	2165	2842	2135	2426	1662	3289
SMU109_04100	4118	4483	3364	3817	3297	3642
SMU109_04105	10699	11372	8162	9006	7542	8482
SMU109_04110	9410	11668	9313	11217	8136	9072
SMU109_04115	4518	3478	3241	3131	2586	3226
SMU109_04120	216	453	409	566	482	569
SMU109_04125	20863	29575	18867	22730	18639	24871
SMU109_04130	133067	213539	158246	190969	161606	187004
SMU109_04135	65791	80742	73233	84738	76594	66367
SMU109_04140	24691	31601	27195	30311	24278	21896
SMU109_04145	33807	38683	34957	37571	29439	27062
SMU109_04150	2965	2651	2478	2540	2150	2712
SMU109_04155	3844	5081	4010	4502	3613	3971
SMU109_04160	6800	6930	6388	6198	5664	5707
SMU109_04165	3375	4381	3664	4312	3659	3934
SMU109_04170	4620	4996	3909	4565	3636	3804
SMU109_04175	4211	4472	3762	4728	3574	4153
SMU109_04180	1426	1419	1439	1544	1214	1180
SMU109_04185	3944	3764	3459	3741	3002	2784
SMU109_04190	1589	1795	1811	2020	1643	1530
SMU109_04195	1110	1395	1280	1425	1256	1118
SMU109_04200	1236	1316	1503	1407	1265	1195
SMU109_04205	567	637	677	747	612	550
SMU109_04210	1556	1481	1894	1927	1554	1659
SMU109_04215	1814	1131	1117	1039	881	897
SMU109_04220	3064	2482	2392	2595	2056	2009
SMU109_04225	3317	3111	2665	2807	2147	2209
SMU109_04230	1049	1730	1277	1579	1225	1178
SMU109_04235	5428	8886	7364	8385	6285	6737
SMU109_04240	1457	3029	2378	3467	3095	3199
SMU109_04245	7415	7513	6791	7896	6807	7922
SMU109_04250	6738	5735	5471	6077	5262	6024
SMU109_04255	1390	2308	2075	2383	2119	2372
SMU109_04260	633	595	681	616	538	323
SMU109_04265	1282	1066	1082	1001	792	687
SMU109_04270	5797	7498	6429	7816	6469	6912
SMU109_04275	1768	2942	2713	3228	2632	3576
SMU109_04280	4471	4275	3836	4162	3624	4909
SMU109_04285	7015	6992	6485	7002	5986	8056
SMU109_04290	10303	10888	9938	11286	9559	14240
SMU109_04295	5891	8115	7507	9142	7940	11777
SMU109_04300	3722	4123	3595	4077	3177	3611
SMU109_04305	928	1293	1189	1300	964	1186
SMU109_04310	1311	1471	1382	1338	1101	1423
SMU109_04315	9281	10323	7728	9088	7948	9115
SMU109_04320	5885	10368	8058	10013	9015	9742
SMU109_04325	2119	2055	2040	2250	2028	2707
SMU109_04330	1658	1691	1541	2001	1668	2197
SMU109_04335	5156	5587	4667	5528	4353	3919
SMU109_04344	152	221	416	535	405	313
SMU109_04349	1004	723	1246	1472	1145	1003
SMU109_04354	680	778	1003	1510	1082	1010
SMU109_04359	0	0	0	0	0	0
SMU109_04364	0	0	0	0	0	0
SMU109_04369	0	0	0	0	0	0
SMU109_04374	213	342	415	440	357	402
SMU109_04379	170	265	296	295	244	250
SMU109_04384	70	128	126	139	109	150
SMU109_04389	3850	2997	3027	3245	3223	2761
SMU109_04394	2632	2273	2039	2442	2542	2223
SMU109_04399	3266	3413	2996	3381	3474	3208
SMU109_04404	1698	2077	1874	2184	2092	1902
SMU109_04409	3929	3688	3642	3468	2851	4005
SMU109_04414	210	694	505	920	679	974
SMU109_04419	438	577	569	729	583	569
SMU109_04424	1310	1663	1670	1882	1399	1467
SMU109_04429	5614	7642	7629	8969	6930	8650
SMU109_04434	23288	25222	18285	21356	16740	21561
SMU109_04439	602	1058	686	886	685	841
SMU109_04444	199	323	248	305	251	314
SMU109_04449	37	38	57	60	49	65
SMU109_04454	868	1072	780	942	821	1090
SMU109_04459	75	163	154	160	147	184
SMU109_04464	18685	17963	13357	16130	13214	15583
SMU109_04469	302	996	1029	1180	1001	1054
SMU109_04474	1092	2330	2191	2613	2254	2141
SMU109_04479	10763	11188	11781	12532	10395	10554
SMU109_04484	2025	3102	3608	4353	3619	3456
SMU109_04489	11957	15593	16981	19912	16127	16250
SMU109_04494	2051	2338	2789	3135	2617	2659
SMU109_04499	1848	2872	3139	3559	3081	3584
SMU109_04504	8243	8035	7786	9237	7439	9271
SMU109_04509	2227	2421	1696	1851	1399	946
SMU109_04514	8405	8752	6583	6981	5563	5344
SMU109_04519	1001	2445	2133	2747	2461	2037
SMU109_04524	2697	3531	3473	4002	3554	3289
SMU109_04529	6474	7093	6773	7515	6846	7486
SMU109_04534	1237	3442	2957	4405	3869	4102
SMU109_04539	5373	7040	6184	7348	6356	7461
SMU109_04544	968	2822	2487	4214	3930	4444
SMU109_04549	863	3340	3050	4253	4000	5290
SMU109_04554	988	1280	1375	1433	1220	1550
SMU109_04559	1229	2343	2303	2843	2446	2562
SMU109_04564	7308	10171	7244	8744	6881	9399
SMU109_04569	4565	4716	4327	4787	4303	5744
SMU109_04574	4109	6459	5315	6681	5879	6137
SMU109_04579	146	1084	1021	1386	1297	1025
SMU109_04584	1431	3967	2637	3814	3314	2934
SMU109_04589	1268	2041	1638	1920	1733	1623
SMU109_04594	9158	9553	7265	8437	7672	8915
SMU109_04599	1048	2141	1950	2229	1961	2596
SMU109_04604	17556	19731	16377	19107	16884	17952
SMU109_04609	2679	4648	4355	5007	4460	4928
SMU109_04614	119	190	244	227	185	178
SMU109_04619	5942	7520	5508	6599	5352	6914
SMU109_04624	7104	7890	6033	6492	5602	7066
SMU109_04629	1587	1870	2059	2423	1774	2369
SMU109_04634	780	1470	1052	1539	914	2138
SMU109_04639	3235	3054	2460	2688	2053	3769
SMU109_04644	1961	2034	1437	1749	1302	2172
SMU109_04649	855	1858	1806	2293	1781	2116
SMU109_04654	535	1859	1357	2146	1603	1745
SMU109_04659	1252	1485	1548	2077	1558	1673
SMU109_04664	1485	1859	1733	2346	1765	2023
SMU109_04669	24	290	191	285	254	349
SMU109_04674	4	69	63	68	61	81
SMU109_04679	20	783	22	22	38	83
SMU109_04684	13126	13615	11410	13810	12984	13898
SMU109_04689	9463	9619	8080	9046	8799	9584
SMU109_04694	934	1444	1510	2017	4037	2052
SMU109_04699	65	159	116	133	97	125
SMU109_04704	1485	1255	1389	1377	1141	1016
SMU109_04709	839	922	748	875	807	597
SMU109_04714	230	319	283	308	281	354
SMU109_04719	242	270	285	262	237	326
SMU109_04724	289	270	264	299	243	361
SMU109_04729	308	308	343	401	326	467
SMU109_04734	1279	1570	2198	2306	1671	1789
SMU109_04739	6371	9318	6696	8595	7552	9574
SMU109_04744	2606	5343	4148	5191	5162	6084
SMU109_04749	1912	3168	2466	3110	3038	3258
SMU109_04754	3292	3923	3276	3640	2893	3454
SMU109_04759	1984	3091	2236	2666	2243	2650
SMU109_04764	2890	2783	2764	2832	2525	2689
SMU109_04769	4377	5491	4915	5819	5772	6527
SMU109_04774	4659	6308	5657	6630	6289	6982
SMU109_04779	155	803	818	995	975	926
SMU109_04784	1390	2772	2444	3555	3158	3336
SMU109_04789	4180	5727	5659	6560	5953	6708
SMU109_04794	2072	4065	2574	4366	3760	3829
SMU109_04799	9130	10086	6108	7750	8094	14681
SMU109_04804	5864	6368	5521	6233	6219	9813
SMU109_04809	677	875	797	945	902	822
SMU109_04814	6936	9623	8686	10496	9392	9437
SMU109_04819	2683	2694	2091	2252	1755	2084
SMU109_04824	1749	2437	1899	2150	1656	2166
SMU109_04829	3521	4138	3273	4123	3118	3861
SMU109_04834	1676	1650	1398	1523	1421	1788
SMU109_04839	5170	5410	4293	5000	4183	4510
SMU109_04844	4750	4928	4396	5160	8159	6705
SMU109_04849	7074	8735	8043	9294	13435	11896
SMU109_04854	3179	3513	2637	3239	3200	5052
SMU109_04859	2654	2753	2267	2431	2538	3739
SMU109_04864	934	1130	781	937	925	1335
SMU109_04869	248	230	172	158	162	276
SMU109_04874	10938	11507	7336	8763	6849	9227
SMU109_04879	2008	1819	1699	1823	1486	1931
SMU109_04884	5757	6490	4676	5562	4244	5606
SMU109_04889	8022	7787	6515	7015	5643	7828
SMU109_04894	1127	1754	1441	1711	1376	1795
SMU109_04899	1394	1984	1612	1970	1664	2249
SMU109_04904	1616	3053	2202	3212	2477	3347
SMU109_04909	6096	6397	5496	6568	5266	7695
SMU109_04914	4014	3864	3506	3859	2807	4636
SMU109_04919	126	144	155	164	159	160
SMU109_04924	204	178	176	157	159	191
SMU109_04929	467	503	459	510	431	511
SMU109_04934	402	479	439	481	456	522
SMU109_04939	4817	5992	6307	7216	5339	6984
SMU109_04944	4036	4194	4102	4414	3258	4952
SMU109_04949	5520	4401	4087	4387	3391	5034
SMU109_04954	3210	2810	2917	3275	2327	3183
SMU109_04959	9411	11099	10953	12336	8647	13159
SMU109_04964	1058	1139	1143	1139	918	1019
SMU109_04969	2545	2278	1785	1658	1273	2085
SMU109_04974	1289	1316	1387	1575	1368	1463
SMU109_04979	1201	1316	1480	1575	1292	1502
SMU109_04984	1236	1089	918	987	874	1083
SMU109_04989	2460	2169	2045	2189	1844	2451
SMU109_04994	1496	1276	1501	1522	1327	1675
SMU109_04999	380	328	233	231	242	243
SMU109_05004	338	440	339	345	402	312
SMU109_05009	100	114	111	115	112	131
SMU109_05014	387	360	330	334	353	392
SMU109_05019	1172	1096	1016	1114	1067	1096
SMU109_05024	1078	1113	1220	1315	1227	1307
SMU109_05029	277	217	262	248	264	246
SMU109_05034	0	0	0	0	0	0
SMU109_05039	0	0	0	0	0	0
SMU109_05044	0	0	0	0	0	0
SMU109_05049	219	162	181	185	162	192
SMU109_05054	99	174	253	257	156	233
SMU109_05059	1802	1412	1690	1583	882	1391
SMU109_05064	1080	873	1044	1074	515	890
SMU109_05069	1275	1573	1834	1927	930	1416
SMU109_05074	1788	2467	3238	3396	2914	2576
SMU109_05079	18086	17718	23127	26072	23135	16743
SMU109_05084	6825	7862	11725	13010	10923	7373
SMU109_05089	1334	1343	1555	1783	1417	1400
SMU109_05094	294	284	294	281	254	270
SMU109_05099	415	414	427	416	368	366
SMU109_05104	133	148	171	180	179	170
SMU109_05109	1591	2258	1143	1414	4208	1472
SMU109_05114	1055	1177	793	816	2765	932
SMU109_05119	1805	17505	1497	1611	191046	2081
SMU109_05124	1224	8732	912	940	101687	1310
SMU109_05129	0	0	0	0	0	0
SMU109_05134	0	0	0	0	0	0
SMU109_05139	0	0	0	0	0	0
SMU109_05144	0	0	0	0	0	0
SMU109_05149	4	25	2	0	793	1
SMU109_05154	142	14260	118	56	182872	168
SMU109_05159	0	0	0	0	0	0
SMU109_05164	0	0	0	0	0	0
SMU109_05169	0	0	0	0	0	0
SMU109_05174	0	0	0	0	0	0
SMU109_05179	0	0	0	0	0	0
SMU109_05184	0	0	0	0	0	0
SMU109_05189	0	0	0	0	0	0
SMU109_05194	0	0	0	0	0	0
SMU109_05199	0	0	0	0	0	0
SMU109_05204	0	0	0	0	0	0
SMU109_05209	0	0	0	0	0	0
SMU109_05214	8	64	18	114	73	67
SMU109_05219	74	139	119	209	139	125
SMU109_05224	323	286	346	319	274	266
SMU109_05229	5132	5051	4136	4538	3912	6174
SMU109_05234	863	915	660	843	709	1035
SMU109_05239	15	208	114	344	273	352
SMU109_05244	1157	2077	1698	2295	1993	3018
SMU109_05249	1019	1443	883	1345	1004	1370
SMU109_05254	2865	3557	2761	3260	2888	4111
SMU109_05259	4190	3763	3191	3493	2789	3778
SMU109_05264	9224	13343	12698	13761	11516	12129
SMU109_05269	5071	7918	6954	6245	4601	4590
SMU109_05274	2387	4134	3423	4427	3553	2789
SMU109_05279	9733	12995	12247	13112	11602	13295
SMU109_05284	11149	9888	10567	11545	10963	13039
SMU109_05289	11606	12034	10728	11258	11310	12955
SMU109_05294	3464	3949	3965	4360	4198	4588
SMU109_05299	7334	9218	7841	9925	9627	9958
SMU109_05304	8621	9018	8238	9538	8766	10668
SMU109_05309	5839	7160	6697	8014	7293	8672
SMU109_05314	2780	5300	4710	6483	6029	6150
SMU109_05319	8665	10328	9974	11713	11177	11884
SMU109_05324	7440	9643	10634	12611	11893	12669
SMU109_05329	7537	11278	13458	15571	14643	14776
SMU109_05334	0	0	0	0	0	0
SMU109_05339	0	0	0	0	0	0
SMU109_05344	9394	7438	7054	8049	8051	10237
SMU109_05349	47	1114	742	1358	1186	1476
SMU109_05354	422	3466	474	431	458	805
SMU109_05359	1611	4366	1470	1787	1667	3941
SMU109_05364	3644	5085	4417	5597	4136	6120
SMU109_05369	506	518	390	427	368	448
SMU109_05374	4712	6792	4512	5934	5179	9199
SMU109_05379	4739	5860	5331	5933	5444	6545
SMU109_05384	6075	6642	5781	6571	6040	7196
SMU109_05389	4057	4107	3332	3978	3553	5937
SMU109_05394	1862	1848	1350	1562	1595	2577
SMU109_05409	12390	16789	13921	14890	11875	11495
SMU109_05414	8884	15424	14729	15313	14182	13051
SMU109_05419	7076	12663	11067	11747	10291	9507
SMU109_05424	1236	1571	1240	1486	1290	1497
SMU109_05429	1163	1296	1205	1413	1299	1430
SMU109_00180	476	602	425	514	436	663
SMU109_00185	1315	825	527	494	538	834
SMU109_00190	2171	2919	2102	2363	2104	3398
SMU109_00195	1330	1430	927	1119	952	1517
SMU109_00200	1850	2274	1225	1741	1463	2199
SMU109_00205	1052	1350	784	840	790	1261
SMU109_00210	697	3861	532	564	648	1154
SMU109_00215	783	666	528	554	639	934
SMU109_00220	1363	940	671	681	756	1217
SMU109_00225	3477	3534	3021	2998	2425	3278
SMU109_00230	2076	1558	1524	1633	1307	1688
SMU109_00235	1108	1238	1141	1340	953	1182
SMU109_00240	1910	1971	1533	1514	1146	1327
SMU109_00245	1440	1937	1471	1598	1208	1385
SMU109_00250	436	1541	1089	1576	1173	1223
SMU109_00255	712	1151	906	1159	882	772
SMU109_00260	1207	1190	1155	1188	991	932
SMU109_00265	8663	15834	8071	8824	6053	9029
SMU109_00270	568	6093	1300	1464	1144	1864
SMU109_00275	64	3641	93	101	125	497
SMU109_00280	21	2503	68	104	109	399
SMU109_00285	33	2144	77	108	115	388
SMU109_00290	15	2443	81	119	127	402
SMU109_00295	43	2366	80	107	110	311
SMU109_00300	54	5491	167	283	228	1129
SMU109_00305	118	8020	257	282	313	2674
SMU109_00310	1786	1472	1731	1842	1519	1661
SMU109_00315	75246	84275	69240	77846	71807	80601
SMU109_00320	59288	69199	57154	64558	62015	68981
SMU109_00325	8395	8364	7435	7846	6592	8902
SMU109_00330	8235	6360	5334	5570	4606	4709
SMU109_00335	513	1176	1100	1451	1246	1283
SMU109_00340	1372	1475	1481	1571	1321	1616
SMU109_00345	434	559	699	684	555	662
SMU109_05434	4220	4460	4826	4799	3876	3704
SMU109_05439	2988	3064	3566	3727	2691	2310
SMU109_05444	1636	1548	1184	1241	1139	1652
SMU109_05449	644	764	510	585	557	743
SMU109_05454	5295	5922	4521	5025	4594	6172
SMU109_05459	2225	2355	1841	1847	1649	2767
SMU109_05464	1072	1415	1330	1428	1295	1988
SMU109_05469	2531	3024	2316	2530	2911	3897
SMU109_05474	2163	2338	1806	1923	2212	2759
SMU109_05479	2978	2695	1925	2084	2201	2777
SMU109_05484	3584	3739	2908	3007	3259	3987
SMU109_05489	3006	3261	2440	2665	2864	3880
SMU109_05494	3608	3850	3197	3617	3558	4605
SMU109_05499	3354	4922	4367	5037	4495	6010
SMU109_05504	232	702	783	901	806	1072
SMU109_05509	1368	3179	1859	2676	1889	2106
SMU109_05514	6716	5677	5897	6132	5552	5111
SMU109_05519	1806	1594	1760	1802	1610	1507
SMU109_05534	208	541	449	555	503	639
SMU109_05539	4569	4484	2668	3140	2734	5416
SMU109_05544	4168	4405	3187	3818	3049	6237
SMU109_05549	1785	1812	1648	1360	936	1830
SMU109_05554	62	39	63	50	26	16
SMU109_05559	127	211	271	180	112	104
SMU109_05564	21	46	63	37	16	28
SMU109_05569	8	57	35	61	30	21
SMU109_05574	120	253	216	189	135	121
SMU109_05579	3776	4265	2860	3368	3393	4610
SMU109_05584	3188	6319	4675	5698	4702	7368
SMU109_05589	1113	1411	917	1097	723	1267
SMU109_05594	12892	14965	14631	17030	13831	17542
SMU109_05599	2894	3463	3842	4219	3740	3689
SMU109_05604	12029	12168	11265	11805	10168	12840
SMU109_05609	12599	15163	13630	15605	13249	15721
SMU109_05614	2356	2494	2781	2885	2279	2433
SMU109_05619	9351	9983	9343	10659	8063	8473
SMU109_05624	635	616	641	610	606	754
SMU109_05629	203	208	223	230	216	184
SMU109_05634	1404	1996	1783	1936	1704	2171
SMU109_05639	15254	14175	12553	13404	12300	14888
SMU109_05644	944	903	580	637	559	751
SMU109_05649	3270	2784	2167	2124	1960	3021
SMU109_05654	4579	5766	4182	4873	4516	5900
SMU109_05659	1162	1090	1285	1299	1048	1181
SMU109_05664	470	739	1212	1215	945	1010
SMU109_05669	17954	19313	20464	24429	14742	17654
SMU109_05674	5805	7822	8308	10837	6314	7764
SMU109_05679	11125	11888	12298	14394	9158	11071
SMU109_05684	12186	10935	12638	13620	9088	10907
SMU109_05689	15032	12043	14409	13767	9691	11583
SMU109_05694	4804	4021	4380	4866	3090	3434
SMU109_05699	1789	2890	2244	2899	2109	2653
SMU109_05704	2827	4493	4053	4692	4108	4642
SMU109_05709	2334	4093	3642	4137	3464	4040
SMU109_05714	2001	2386	1953	2461	1948	2482
SMU109_05719	2601	3722	3504	3902	3139	3993
SMU109_05734	142	88	86	72	70	66
SMU109_05739	9385	10068	6715	7934	7360	9850
SMU109_05744	1095	1595	1092	1506	1417	1734
SMU109_05749	598	815	689	928	857	995
SMU109_05754	6347	5808	3623	4096	4244	5407
SMU109_05759	10680	11804	7884	8969	9139	12392
SMU109_05764	4403	4881	3396	3773	3866	5416
SMU109_05769	5405	4014	2744	2902	2852	4033
SMU109_05774	1136	1815	1950	2365	1970	2516
SMU109_05779	4152	4985	5316	5623	4792	4470
SMU109_05784	119	147	190	235	170	257
SMU109_05789	887	784	665	724	567	603
SMU109_05794	931	1021	868	1070	924	990
SMU109_05799	3009	5494	6738	7467	9622	7054
SMU109_05804	4576	5310	4826	5586	5122	6174
SMU109_05809	620	590	621	586	518	634
SMU109_05814	699	1034	901	916	791	923
SMU109_05819	18587	22667	17555	19851	14997	19447
SMU109_05824	289	562	595	844	640	688
SMU109_05829	11521	13350	10534	12769	10484	13760
SMU109_05834	67	138	138	202	169	189
SMU109_05839	2399	2509	2014	2469	2093	2639
SMU109_05844	9652	10506	9686	10780	9490	12993
SMU109_05849	3460	4043	3352	3929	3563	5032
SMU109_05854	1227	2142	1712	2396	2062	2910
SMU109_05859	4051	4618	4076	4421	3919	5114
SMU109_05864	1066	1312	1091	1356	1052	1414
SMU109_05869	7276	9569	8849	10342	8368	9824
SMU109_05874	139	349	319	377	267	273
SMU109_05879	43433	34420	35236	37473	30414	32285
SMU109_05884	37636	33976	31556	36766	28443	28139
SMU109_05889	8246	7310	6153	6028	4618	5019
SMU109_05894	1592	2539	2785	3008	2509	1843
SMU109_05899	29135	27022	27678	30119	24175	22321
SMU109_05904	3372	3670	4719	5005	4283	4034
SMU109_05909	2048	3631	4465	4889	4081	4055
SMU109_05914	10103	11121	11689	12185	9672	9290
SMU109_05919	3951	3253	3409	3661	2828	2891
SMU109_05924	3640	4511	3667	4529	3813	5037
SMU109_05929	6283	6173	5283	5794	5125	6570
SMU109_05934	3416	4960	4931	5237	5174	6034
SMU109_05939	1962	3264	2671	3408	3052	3525
SMU109_05944	3094	3014	2163	2608	2711	3899
SMU109_05949	1599	2721	1896	2376	2491	3706
SMU109_05954	9333	10929	10174	11114	9507	9572
SMU109_05959	3008	4155	5088	4390	3373	3584
SMU109_05964	6381	6603	6510	6837	5178	5249
SMU109_05969	144	573	345	731	515	499
SMU109_05974	1158	1365	1237	1486	1160	1265
SMU109_05979	265	612	637	889	646	736
SMU109_05984	803	950	954	1210	960	1090
SMU109_05989	2010	2230	2323	2494	2000	2351
SMU109_05994	116577	126577	127659	143693	131015	142886
SMU109_05999	2435	2421	1354	1645	1730	2243
SMU109_06004	5523	6482	4462	5095	5625	7621
SMU109_06009	3627	4324	3444	4027	4295	6194
SMU109_06014	10426	13570	8089	10466	7838	7955
SMU109_06019	2828	2885	2099	2314	2050	2659
SMU109_06024	1561	1499	1452	1424	1108	1392
SMU109_06029	0	0	0	0	0	0
SMU109_06034	0	0	0	0	0	0
SMU109_06039	1010	1914	1597	2028	1408	1575
SMU109_06044	1211	1258	1180	1336	1080	1238
SMU109_06059	901	1434	1501	1630	1193	1230
SMU109_06064	2586	2645	2340	2558	2101	2230
SMU109_06069	2761	2774	2540	2963	2270	2982
SMU109_06074	2175	1947	1965	2051	1750	2478
SMU109_06079	1507	1869	1501	1975	1429	1951
SMU109_06084	898	1165	1027	1444	1034	1448
SMU109_06091	0	0	0	0	0	0
SMU109_06096	0	0	0	0	0	0
SMU109_06101	0	0	0	0	0	0
SMU109_06106	0	0	0	0	0	0
SMU109_06111	0	0	0	0	0	0
SMU109_06116	66	101	53	80	61	105
SMU109_06121	946	1132	904	996	962	1295
SMU109_06126	912	1307	983	1117	1052	1255
SMU109_06131	14018	21069	9892	14322	10874	40657
SMU109_06136	1822	1530	1601	1719	1558	1764
SMU109_06141	5709	9143	7848	10567	8730	9457
SMU109_06146	7654	9109	8946	9309	8222	8575
SMU109_06151	9567	10760	10750	11660	9910	10262
SMU109_06156	1762	2290	1822	2219	2210	2077
SMU109_06161	0	0	0	0	0	0
SMU109_06166	0	0	0	0	0	0
SMU109_06171	0	0	0	0	0	0
SMU109_06176	854	984	832	881	934	1007
SMU109_06181	7942	8391	6925	7731	6114	6532
SMU109_06186	87	165	127	117	172	172
SMU109_06191	131	226	140	157	243	260
SMU109_06196	1408	1732	1243	1362	1571	2125
SMU109_06201	4278	4020	2665	3106	3650	4453
SMU109_06206	2448	3585	2047	2516	2723	3358
SMU109_06211	4162	4999	3266	3579	4200	5169
SMU109_06216	846	1304	824	1011	870	1086
SMU109_06221	2964	2637	2180	2326	2157	3218
SMU109_06226	2285	2895	2091	2568	2230	3225
SMU109_06231	5287	7900	5123	6346	6466	11152
SMU109_06236	984	1763	1236	1520	1549	1560
SMU109_06241	6211	4879	4729	4422	4074	4838
SMU109_06246	2251	2150	2692	2707	2516	2775
SMU109_06251	2446	2396	2779	3022	2667	2903
SMU109_06256	6760	6746	6802	7075	6304	6835
SMU109_06261	15	34	275	587	88	31
SMU109_06276	100229	633	118357	168328	533	432
SMU109_06281	636	2266	1624	2098	1562	3190
SMU109_06286	385	429	299	356	261	421
SMU109_06291	154	282	223	227	236	216
SMU109_06296	155	157	135	159	94	115
SMU109_06301	185	181	139	173	140	172
SMU109_06306	9067	10404	8171	10018	9469	16615
SMU109_06311	558	1118	1003	1156	956	1146
SMU109_06316	2102	1846	1447	1464	1223	1662
SMU109_06321	1283	1275	1057	1145	909	1179
SMU109_06326	1369	1449	1254	1366	1043	1444
SMU109_06331	2376	1660	1677	1766	1371	1570
SMU109_06336	202	440	650	628	686	704
SMU109_06341	3839	4770	4486	4886	4740	4736
SMU109_06346	2653	4524	4306	5203	4961	4710
SMU109_06351	3957	5054	4574	5086	4980	5062
SMU109_06356	6852	7962	6809	7556	6977	8340
SMU109_06361	1600	4638	2870	4098	3618	5433
SMU109_06366	2258	2446	1464	1991	1602	2697
SMU109_06381	1049	1544	1455	1718	1546	2556
SMU109_06396	1532	1470	1158	1315	1222	2087
SMU109_06401	78	152	59	93	591	88
SMU109_06406	218	316	183	208	1666	156
SMU109_06411	589	596	486	560	458	617
SMU109_06426	14	10	3	5	2	8
SMU109_06431	0	1	1	1	1	1
SMU109_06436	19	24	12	7	8	10
SMU109_06441	42	37	12	13	29	29
SMU109_06446	1008	989	748	876	788	867
SMU109_06451	21	255	131	275	225	204
SMU109_06456	40	110	94	124	99	107
SMU109_06461	178	169	142	146	152	170
SMU109_06466	118	329	359	350	980	255
SMU109_06471	811	1468	1431	1635	4386	1258
SMU109_06476	985	1255	817	1111	2501	863
SMU109_06481	4832	4318	3562	3927	3193	3357
SMU109_06486	485	481	402	381	437	521
SMU109_06491	8692	10734	9975	10038	17519	9790
SMU109_06496	5897	6485	5821	6743	5245	5265
SMU109_06501	1695	1622	2020	2050	1799	1857
SMU109_06506	3007	2896	2819	3065	2601	2654
SMU109_06511	18962	22140	19785	21924	20157	24450
SMU109_06516	3744	2912	3287	3321	3207	3691
SMU109_06521	6092	7811	7116	7984	6015	6908
SMU109_06526	8504	10422	10778	11897	9639	11006
SMU109_06531	5135	6103	5687	7054	5320	6474
SMU109_06536	1823	1514	1387	1291	1097	779
SMU109_06541	1480	1451	1243	1176	1098	830
SMU109_06546	1620	1695	1350	1356	1208	923
SMU109_06551	813	1410	1194	1337	1416	890
SMU109_06556	3298	2641	2644	2693	2403	3040
SMU109_06561	418	1190	1059	1400	1222	1461
SMU109_06566	6692	7822	6903	8203	6478	8577
SMU109_06571	127	270	260	431	386	380
SMU109_06576	20588	21673	12508	16442	14505	26748
SMU109_06581	73203	77069	48567	61457	51047	91816
SMU109_06586	36499	47420	28901	39325	32603	57616
SMU109_06591	65385	81624	50369	62702	51919	95073
SMU109_06596	14272	21611	15707	21096	17669	30834
SMU109_06601	21965	25143	16419	22260	17868	32551
SMU109_06606	23051	33454	21917	29281	24582	44899
SMU109_06611	8906	10970	10941	10392	9715	19741
SMU109_06616	5288	6781	5624	6298	5465	7284
SMU109_06621	2092	2774	2012	2480	2155	3048
SMU109_06626	844	1420	1188	1246	1203	1598
SMU109_06631	2029	1852	1659	1562	1488	2095
SMU109_06636	3281	2766	2738	2577	2402	3377
SMU109_06641	446	397	421	375	326	510
SMU109_06646	14499	14938	13713	14594	13527	19124
SMU109_06651	5676	6053	5002	5670	5018	6788
SMU109_06656	8296	8740	8019	8727	7631	9781
SMU109_06661	699	1363	1108	1352	1063	925
SMU109_06666	202	513	428	482	392	320
SMU109_06671	700	720	825	909	791	674
SMU109_06676	1581	1486	1702	1827	1650	1472
SMU109_06681	319	342	555	621	599	410
SMU109_06686	411	359	772	771	808	524
SMU109_06691	318	238	497	506	511	338
SMU109_06696	80	88	179	187	204	154
SMU109_06701	104	92	139	119	127	110
SMU109_06706	1545	3746	2730	4064	3630	4571
SMU109_06711	7418	5484	4242	4447	3956	5595
SMU109_06716	2528	2538	2118	2468	2212	2842
SMU109_06721	989	847	786	816	743	894
SMU109_06726	463	423	337	360	344	623
SMU109_06731	8669	8188	4464	5612	5584	14153
SMU109_06736	5748	7996	4608	6287	6382	15056
SMU109_06741	22424	26042	15755	20170	19464	48420
SMU109_06746	4001	5546	4759	5524	4621	4791
SMU109_06751	3307	3084	2983	3064	2403	2660
SMU109_06756	94	703	604	961	563	818
SMU109_06761	3686	3480	2978	3290	2865	3316
SMU109_06766	363	765	531	876	716	795
SMU109_06771	1470	1679	1508	1628	1338	1741
SMU109_06776	2491	3199	2554	2639	2247	2578
SMU109_06781	78	1553	78	72	74	149
SMU109_06786	96	3523	98	112	122	391
SMU109_06791	5305	6470	3359	4817	3880	4775
SMU109_06796	1278	1436	1207	1444	1258	1684
SMU109_06801	15130	19005	28274	29779	23871	25023
SMU109_06806	1960	2416	3220	3578	2953	3082
SMU109_06811	1128	938	818	981	823	949
SMU109_06816	1365	1832	1256	1788	1351	1759
SMU109_06821	4006	3629	2375	3018	2461	4209
SMU109_06826	6127	6085	6004	6561	5358	6325
SMU109_06831	7520	9309	8244	9432	8686	10472
SMU109_06836	5557	7089	6460	7119	5906	7234
SMU109_06841	566	659	564	632	549	537
SMU109_06846	1469	1660	1563	1665	1482	1405
SMU109_06851	1250	1299	1347	1423	1290	1264
SMU109_06856	2069	2041	2106	2242	2190	1918
SMU109_06861	1219	1020	1101	1169	1110	963
SMU109_06866	167	415	552	652	590	486
SMU109_06871	1507	1651	1925	2013	1783	1416
SMU109_06876	189	581	198	259	234	201
SMU109_06881	3919	4649	2918	3266	3390	4599
SMU109_06886	951	1030	669	869	838	1127
SMU109_06891	2699	2453	2436	2437	2554	2815
SMU109_06896	10083	12885	12163	14073	11273	15392
SMU109_06901	1606	1816	1529	2078	1681	2005
SMU109_06906	12998	14440	11555	13777	12195	14044
SMU109_06911	58	68	55	62	50	46
SMU109_06916	770	782	636	648	539	735
SMU109_06921	4002	3704	2626	2866	2743	3717
SMU109_06926	600	572	427	513	406	629
SMU109_06931	1425	2024	1492	1953	1747	2114
SMU109_06936	73	100	66	91	81	68
SMU109_06941	992	289	210	230	247	324
SMU109_06946	2428	1389	891	969	598	903
SMU109_06951	3404	3345	2807	3048	2224	2449
SMU109_06956	1562	1557	1554	1968	1510	1524
SMU109_06961	1909	2066	1603	1798	1279	1995
SMU109_06966	10534	9984	4694	5640	4155	7042
SMU109_06971	202	261	179	250	196	158
SMU109_06976	1581	1446	972	1058	1026	1477
SMU109_06981	1411	1553	1234	1366	1321	1770
SMU109_06986	1318	1131	888	1041	918	1180
SMU109_06991	3209	3400	3410	3503	2635	2711
SMU109_06996	7835	9033	8849	9912	7566	8232
SMU109_07001	1853	1795	1826	1924	1564	1625
SMU109_07006	3815	3831	3707	3587	2802	3179
SMU109_07011	1764	2283	2079	2507	1842	1888
SMU109_07016	3860	4600	4145	4177	3409	3521
SMU109_07021	11717	10880	10429	11381	9902	12062
SMU109_07026	2587	2015	2209	2364	1987	2204
SMU109_07031	14163	15021	13998	15396	13581	15682
SMU109_07036	7144	8764	8665	9626	8651	8918
SMU109_07041	2717	2467	2913	3081	2615	3175
SMU109_07046	2147	2211	1498	1624	2035	3371
SMU109_07051	2647	3799	1764	2158	2512	4844
SMU109_07056	3043	2758	1508	1694	2068	3656
SMU109_07061	116	535	313	713	629	687
SMU109_07066	6635	8490	9065	10551	8001	10209
SMU109_00350	1107	3038	3510	4283	3309	2502
SMU109_00355	32254	38269	32879	39139	36281	34829
SMU109_00360	2337	5471	5318	6832	6202	5172
SMU109_00365	1683	3284	3257	4203	4409	3864
SMU109_00370	2530	4700	4993	6278	5537	5362
SMU109_00375	18	656	627	1031	891	928
SMU109_00380	592	1894	1886	2726	2232	2122
SMU109_00385	1369	2018	2189	2490	2259	2319
SMU109_00390	3093	5717	6278	7453	6961	6402
SMU109_00395	933	1181	1302	1663	1417	1535
SMU109_00400	5314	6592	7464	8100	6884	5880
SMU109_00405	250	373	303	389	304	308
SMU109_00410	1152	2388	1570	2099	1868	2127
SMU109_00415	1646	2357	1814	2234	1850	2109
SMU109_00420	363	608	548	674	550	777
SMU109_00425	5678	7287	5634	6810	6330	9588
SMU109_00430	300	651	837	853	647	695
SMU109_00435	639	884	765	1004	815	901
SMU109_07071	0	0	0	0	0	0
SMU109_07076	0	0	0	0	0	0
SMU109_07081	306	627	587	699	642	820
SMU109_07086	9412	11964	9708	11614	10243	14496
SMU109_07091	6396	6225	4881	5075	4304	5101
SMU109_07096	3126	3858	3163	3444	2916	3719
SMU109_07101	1139	1393	1271	1358	1222	1637
SMU109_07106	1289	1154	955	1050	915	1054
SMU109_07111	4747	4684	3687	4047	3894	6012
SMU109_07116	2859	3041	2288	2547	2413	3585
SMU109_07121	2408	2760	2223	2426	2385	3690
SMU109_07126	1029	1367	1129	1274	1256	2037
SMU109_07131	802	930	944	1031	873	1050
SMU109_07136	696	667	658	766	662	590
SMU109_07146	0	0	0	0	0	0
SMU109_07151	2872	3267	2791	3340	3132	3643
SMU109_07156	1394	1695	1467	1868	1680	2661
SMU109_07161	112	165	188	214	226	283
SMU109_07166	3315	4033	3025	3218	3648	4384
SMU109_07171	3261	3803	2620	3222	3035	4625
SMU109_07176	10323	11781	8609	9624	9772	15525
SMU109_07181	3763	4347	3057	3768	3621	5743
SMU109_07186	287	379	294	335	257	413
SMU109_07191	439	333	342	347	267	425
SMU109_07196	731	964	794	1017	868	1216
SMU109_07201	2854	2638	2010	2172	2021	3472
SMU109_07206	1831	2301	1358	1855	1318	2223
SMU109_07211	5919	5751	4247	4936	4332	6205
SMU109_07216	1102	1357	1175	1359	1180	1682
SMU109_07221	1646	1968	1746	1951	1790	2418
SMU109_07226	4101	4323	3993	4469	4298	5203
SMU109_07231	1821	3426	3332	4010	3593	4252
SMU109_07236	2776	3383	3167	3423	3426	3817
SMU109_07241	1442	2887	2741	3079	3075	3352
SMU109_07246	4031	3659	3090	3194	3137	3233
SMU109_07251	656	658	456	472	411	503
SMU109_07256	516	502	379	440	370	469
SMU109_07261	1689	1651	1178	1271	1177	1575
SMU109_07266	3024	2541	1931	2019	2093	3076
SMU109_07271	335	434	337	404	327	492
SMU109_07276	0	0	0	0	0	0
SMU109_07281	0	0	0	0	0	0
SMU109_07286	0	0	0	0	0	0
SMU109_07291	716	1320	895	1016	6184	1000
SMU109_07296	1071	1168	981	1065	981	1474
SMU109_07301	937	815	755	749	727	1081
SMU109_07306	29	50	56	48	61	38
SMU109_07311	15897	18209	12636	15305	13677	10397
SMU109_07316	24951	28798	24507	27904	26682	19827
SMU109_07321	324	431	381	442	368	439
SMU109_07326	599	1009	864	951	794	1110
SMU109_07331	635	1294	1126	1097	880	1158
SMU109_07336	2310	2401	1920	2122	1271	2030
SMU109_07341	1151	1425	1160	1345	711	1271
SMU109_07346	1363	1038	787	883	732	957
SMU109_07351	1946	1670	1231	1475	1279	1784
SMU109_07356	711	778	562	602	584	956
SMU109_07361	1093	995	665	750	604	1106
SMU109_07366	2745	2766	2582	2827	2168	2610
SMU109_07371	5143	7511	6962	7743	6400	7401
SMU109_07376	5264	4977	3819	4202	3473	4088
SMU109_07381	3532	4702	3839	5193	4102	4602
SMU109_07386	17085	16358	14880	15993	13012	14014
SMU109_07391	14847	16042	15338	14108	11493	15342
SMU109_07396	16761	22365	9787	11424	11325	11555
SMU109_07401	620	1437	1004	1104	737	676
SMU109_07406	1993	2312	2782	3100	2566	3738
SMU109_07411	2972	4142	3286	3475	2731	3935
SMU109_07416	496	413	253	308	419	416
SMU109_07421	999	865	561	602	956	897
SMU109_07426	750	648	403	480	705	689
SMU109_07431	344	412	185	271	427	396
SMU109_07436	933	945	488	546	845	861
SMU109_07441	91	149	98	124	85	101
SMU109_07446	1533	1905	1393	1729	1448	1941
SMU109_07451	223	269	238	281	197	326
SMU109_07466	411	382	763	715	621	536
SMU109_07471	3503	3787	7870	8461	6157	4916
SMU109_07476	6419	7799	14644	16376	11897	9833
SMU109_07481	32169	36207	36818	41017	33730	30071
SMU109_07486	17038	20318	19111	19968	32525	17634
SMU109_07491	1604	2893	2434	3092	2529	2620
SMU109_07496	1328	2590	2629	2870	2292	2525
SMU109_07501	3823	3846	3608	3710	3074	4180
SMU109_07506	14090	17584	16143	18067	14924	18964
SMU109_07511	2967	3309	2494	2706	2029	3180
SMU109_07516	205	168	378	341	269	123
SMU109_07521	56	116	73	81	53	87
SMU109_07526	148	190	105	122	102	142
SMU109_07531	1919	2083	1904	1771	1528	2242
SMU109_07536	4342	4572	4129	4788	3583	4744
SMU109_07541	5764	6039	5581	6467	4814	6958
SMU109_07546	6799	7917	7047	7915	5298	7921
SMU109_07551	2195	1651	1931	1909	1818	2444
SMU109_07556	44659	45223	37440	42692	37954	48639
SMU109_07561	5814	5683	4176	4657	3567	5080
SMU109_07566	3043	4075	3257	3821	2828	3653
SMU109_07571	3155	3815	3896	4604	4758	3188
SMU109_07576	2806	2936	2923	3118	2810	3182
SMU109_07581	1940	2218	2173	2485	2237	2099
SMU109_07586	4464	5917	5946	6152	5406	6428
SMU109_07591	11338	8521	7096	7677	6414	7487
SMU109_07596	8899	9250	9026	9536	8030	9528
SMU109_07601	446	1320	1285	1731	1401	1035
SMU109_07606	3101	3743	2882	3358	3011	2800
SMU109_07611	6758	6711	6318	6938	6519	6710
SMU109_07616	11975	14686	15793	17613	15564	15569
SMU109_07621	449	1091	1157	1471	1060	1106
SMU109_07626	2621	3418	3016	3447	2915	2859
SMU109_07631	1419	1491	1280	1527	1129	1164
SMU109_07636	325	810	671	728	784	857
SMU109_07641	1153	1887	1311	1513	1552	1957
SMU109_07646	1791	2438	1613	1940	1855	2387
SMU109_07651	1019	1421	1118	1322	1286	1839
SMU109_07656	735	604	407	456	532	714
SMU109_07661	1130	1372	1019	1114	1142	1649
SMU109_07666	895	1186	1455	1671	1472	1811
SMU109_07671	976	1922	1746	1928	1735	1762
SMU109_07676	1651	1870	1717	2080	1852	2108
SMU109_07681	3333	3827	3236	3638	3483	4026
SMU109_07686	7034	7689	5895	6421	6268	8133
SMU109_07691	590	1179	835	1203	880	779
SMU109_07696	6610	5718	4619	5090	3887	5135
SMU109_07701	0	0	0	0	0	0
SMU109_07706	0	0	0	0	0	0
SMU109_00442	473	778	597	582	758	388
SMU109_00447	3336	5604	4999	4506	4976	1275
SMU109_00452	1298	1767	1877	2077	1918	2095
SMU109_00457	2628	2720	2865	3300	2954	3333
SMU109_00462	999	2291	2304	2543	2320	2712
SMU109_00467	1842	3155	2748	3326	3264	3913
SMU109_00472	4801	5159	4371	5318	4368	6114
SMU109_00477	3077	3606	2923	3356	2989	4259
SMU109_00482	1989	1977	2096	2266	1802	2257
SMU109_00487	3321	2353	2723	2629	2171	2649
SMU109_00492	5552	4427	4155	4207	3511	4120
SMU109_00497	3584	2994	3044	3206	2753	3479
SMU109_00502	3625	5125	5103	5807	4843	5750
SMU109_00507	4406	5004	4876	5170	4304	5447
SMU109_00512	4224	4612	4203	4805	3939	5093
SMU109_00517	4038	4043	3721	3665	2961	3892
SMU109_00522	535	547	422	433	506	545
SMU109_00527	300	339	210	188	241	297
SMU109_00532	0	0	0	0	0	0
SMU109_00537	0	0	0	0	0	0
SMU109_00542	0	0	0	0	0	0
SMU109_00547	0	0	0	0	0	0
SMU109_00552	0	0	0	0	0	0
SMU109_00557	0	0	0	0	0	0
SMU109_00562	0	0	0	0	0	0
SMU109_00567	0	0	0	0	0	0
SMU109_00572	0	0	0	0	0	0
SMU109_00577	0	0	0	0	0	0
SMU109_00582	0	0	0	0	0	0
SMU109_00587	0	0	0	0	0	0
SMU109_00592	0	0	0	0	0	0
SMU109_00597	0	0	0	0	0	0
SMU109_00602	0	0	0	0	0	0
SMU109_00607	0	0	0	0	0	0
SMU109_00612	0	0	0	0	0	0
SMU109_00617	0	0	0	0	0	0
SMU109_00622	0	0	0	0	0	0
SMU109_00627	0	0	0	0	0	0
SMU109_00632	0	0	0	0	0	0
SMU109_00637	0	0	0	0	0	0
SMU109_00642	0	0	0	0	0	0
SMU109_00647	0	0	0	0	0	0
SMU109_00652	0	0	0	0	0	0
SMU109_00657	0	0	0	0	0	0
SMU109_00662	0	0	0	0	0	0
SMU109_00667	20560	27691	31628	33651	25508	26117
SMU109_00672	30643	36178	42936	45957	35171	33352
SMU109_00677	4698	5584	3682	4499	4565	6456
SMU109_00682	338	596	486	597	502	863
SMU109_00687	670	881	949	1088	996	1378
SMU109_00692	1031	1742	1525	1988	1891	2133
SMU109_00697	1943	2052	2222	2254	2189	2661
SMU109_00702	2873	3713	3416	3871	3592	3992
SMU109_00707	7800	9760	8362	10507	8901	9928
SMU109_00712	17545	24529	23405	27577	23365	25596
SMU109_00717	496	3683	3007	5051	4455	4253
SMU109_00722	5335	7663	7205	9037	8127	8436
SMU109_00727	1939	2126	1836	2164	2090	3222
SMU109_00732	1885	2262	1968	2342	1894	3052
SMU109_00737	6590	7109	6765	7386	7227	8842
SMU109_00742	7101	7097	6246	7261	6979	8411
SMU109_00747	1096	1786	3399	3300	3890	2711
SMU109_00752	1170	1709	2681	2640	3171	2500
SMU109_00757	1692	1788	1608	1927	1538	1874
SMU109_00762	2354	2688	2450	2922	2310	2929
SMU109_00767	2641	2985	2666	3018	2496	3070
SMU109_00772	41	62	42	39	60	124
SMU109_00777	35	70	54	59	79	137
SMU109_00782	103	113	64	64	107	200
SMU109_00787	121	111	71	55	117	241
SMU109_00792	91	156	78	74	146	234
SMU109_00797	125	155	94	108	158	185
SMU109_00802	3674	4976	5814	6280	5156	6036
SMU109_00807	3549	5440	4724	6050	4935	4918
SMU109_00812	2232	3933	3925	4567	3942	3772
SMU109_00817	3425	4171	3571	4294	3612	3380
SMU109_07711	544	590	497	584	540	454
SMU109_07716	1417	1569	1406	1639	1494	1916
SMU109_07721	2156	2437	2383	2979	2405	3076
SMU109_07726	3255	3110	2923	3374	2680	3627
SMU109_07731	7254	6854	5441	6038	4725	6719
SMU109_07736	1325	1712	1466	1674	1447	1323
SMU109_07741	6225	7538	6309	7543	7129	8580
SMU109_07746	6400	9985	7926	10167	9698	13286
SMU109_07751	1028	2296	2179	3070	2847	3881
SMU109_07756	3	5	5	21	6	12
SMU109_07761	11461	13542	11348	13369	11873	13466
SMU109_07766	2362	3258	2811	3371	3167	3962
SMU109_07771	2468	2373	1693	1991	3079	2908
SMU109_07776	25678	24359	23282	25416	22960	28890
SMU109_07781	10326	12319	12213	14002	12231	13169
SMU109_07786	4897	5979	5969	7415	6453	6605
SMU109_07791	10012	7704	8420	9309	8570	9418
SMU109_07796	1306	3300	2604	3807	2748	2615
SMU109_07801	3677	4551	4134	5027	4303	4848
SMU109_07806	6869	8071	6480	7731	6804	7589
SMU109_07811	12070	14902	15349	18751	15378	23472
SMU109_07816	29658	30470	35183	41288	33490	49199
SMU109_07821	36	721	388	846	641	739
SMU109_07826	760	1341	894	1011	1003	1289
SMU109_07831	2107	2514	1578	1834	1655	2649
SMU109_07836	2046	3104	1615	1995	1693	2820
SMU109_07841	7226	7575	5491	5994	4842	5306
SMU109_07846	3116	3825	3832	4134	3342	4751
SMU109_07851	18487	21457	15000	19388	18825	24953
SMU109_07856	2754	5527	5606	6534	6114	5429
SMU109_07861	4450	4284	4065	4734	4502	3917
SMU109_07866	3586	5061	4353	5331	4966	4524
SMU109_07871	6387	7766	6723	7688	7248	7021
SMU109_07876	9619	9336	8629	9837	9083	8715
SMU109_07881	6365	8056	7940	8587	7783	7582
SMU109_07886	2758	3163	2697	2949	2753	2599
SMU109_07891	4334	4056	3337	3661	2520	3694
SMU109_07896	1468	1457	1318	1475	1037	1417
SMU109_07901	2407	2567	2316	2631	1790	2691
SMU109_07906	7008	7667	5999	6311	4846	6842
SMU109_07911	2720	2892	2688	2999	2200	2379
SMU109_07916	1367	2646	2754	3033	2500	2759
SMU109_07921	39	48	61	62	48	58
SMU109_07926	17	49	63	66	77	53
SMU109_07931	29	62	69	75	92	64
SMU109_07936	2280	1925	1194	1390	1275	3223
SMU109_07941	1236	1722	974	1434	1435	3355
SMU109_07946	1265	1622	1200	1396	1387	3276
SMU109_07951	2871	3109	1879	2202	2216	5517
SMU109_07956	133	490	325	485	435	1001
SMU109_07961	0	0	0	0	0	0
SMU109_07966	0	0	0	0	0	0
SMU109_07971	0	0	0	0	0	0
SMU109_07976	0	0	0	0	0	0
SMU109_07981	0	0	0	0	0	0
SMU109_07986	107	54	42	59	54	67
SMU109_07991	3001	2245	1989	1989	2945	2261
SMU109_07996	1029	1007	890	954	1394	1128
SMU109_08001	22661	23595	19211	23705	31580	28251
SMU109_08006	2066	5331	4665	6054	4592	4095
SMU109_08011	19	164	157	230	159	161
SMU109_08016	3967	4972	4441	5893	4892	5072
SMU109_08021	7512	8308	8730	10193	9877	10357
SMU109_08026	9577	10314	8890	10314	9835	11694
SMU109_08031	482	2264	1540	2642	3117	2407
SMU109_08036	2558	3269	3392	4158	4932	4165
SMU109_08041	984	4329	3627	5095	5692	4315
SMU109_08046	4546	10869	6721	9937	12042	10269
SMU109_08051	17291	19895	18310	20632	16274	18717
SMU109_08056	6363	7933	6311	6547	5503	7036
SMU109_08061	1078	2540	2249	2937	2597	3103
SMU109_08066	1610	2863	2603	3249	2964	3592
SMU109_08071	5178	6173	5353	6620	6069	8315
SMU109_08076	393	783	675	966	613	793
SMU109_08081	11688	12179	11237	13105	10870	13411
SMU109_08086	3540	2641	2465	2681	2279	2986
SMU109_08091	1093	1680	1607	1888	1627	1971
SMU109_08096	296	751	695	803	662	710
SMU109_08101	191	289	242	327	253	256
SMU109_08106	207	243	250	312	231	206
SMU109_08111	5071	5164	4338	4656	3734	3549
SMU109_08116	6292	7435	6798	8229	6998	7878
SMU109_08121	7678	8204	7634	8372	6720	8110
SMU109_08126	734	1062	841	971	676	1735
SMU109_08131	5263	6816	5216	5985	4397	7154
SMU109_08136	0	0	0	0	0	0
SMU109_08141	6	14	14	19	22	35
SMU109_08146	115	117	85	114	114	142
SMU109_08155	150	183	121	116	116	192
SMU109_08160	351	508	442	495	435	537
SMU109_08165	3224	3224	2634	2922	2634	3499
SMU109_08170	4529	3819	2924	3187	2789	3761
SMU109_08175	1734	3750	2103	2988	1492	1590
SMU109_08180	1595	1330	1690	1697	1150	974
SMU109_08185	16988	22327	16914	18960	16627	25092
SMU109_08190	1470	979	1198	1304	1078	958
SMU109_08205	5701	7087	11123	12657	9283	10397
SMU109_08210	4890	6290	11005	12082	9232	9124
SMU109_08215	16	10	11	14	14	13
SMU109_08220	27701	32187	29453	35557	24959	28247
SMU109_08225	619	1638	1213	1754	1464	1985
SMU109_08230	2646	2792	1915	2075	1821	2058
SMU109_08235	857	1271	1051	1243	982	1407
SMU109_08240	921	1367	1110	1239	1012	1524
SMU109_08245	1819	2195	1912	2001	1726	2603
SMU109_08250	1620	1656	1572	1605	1329	2003
SMU109_08255	7143	7464	4998	5261	5414	8121
SMU109_08260	19939	22069	9956	11858	12704	22376
SMU109_08265	1050	1014	346	418	430	911
SMU109_08270	2129	2437	804	972	1048	2006
SMU109_08275	3352	3894	1910	2303	2300	3843
SMU109_08290	1530	1701	1628	1918	1813	1728
SMU109_08295	2049	2999	3102	3817	2974	3847
SMU109_08300	5433	7724	7315	8900	7479	9477
SMU109_08305	7116	9872	8836	10081	8361	11068
SMU109_08310	9545	9514	6859	6810	5582	6770
SMU109_08315	1873	2201	1349	1478	1253	1504
SMU109_08320	1038	968	1285	1237	804	660
SMU109_08325	1399	2500	1775	2607	2182	2290
SMU109_08330	8011	8094	5717	6246	5612	9337
SMU109_08335	6427	5976	4587	4992	4858	7498
SMU109_08340	4916	5228	4054	4704	4371	7006
SMU109_08345	25780	27716	23918	26816	21482	35942
SMU109_08350	254	206	221	218	199	206
SMU109_08355	361	474	434	521	422	498
SMU109_08360	132	165	138	153	141	194
SMU109_08365	190	245	189	212	202	255
SMU109_08370	305	375	284	328	314	403
SMU109_08375	223	223	164	211	175	224
SMU109_08380	48	42	33	32	52	59
SMU109_08385	99	113	107	115	141	162
SMU109_08390	2581	2887	2365	2732	2028	2030
SMU109_08395	382	1227	1202	1281	947	1122
SMU109_08400	54	129	118	150	115	113
SMU109_08405	145264	135903	109747	121435	87242	117376
SMU109_08410	2389	4476	3203	4263	3281	4480
SMU109_08415	2737	3208	1962	2387	2020	4331
SMU109_08420	411	1775	1149	1605	1506	2982
SMU109_08427	123	204	230	251	287	132
SMU109_08432	167	186	194	216	325	104
SMU109_08437	159	116	201	221	286	87
SMU109_08442	68	96	140	183	268	81
SMU109_08447	102	172	144	185	203	170
SMU109_08452	937	1007	1132	1231	985	1136
SMU109_08457	10191	9826	7635	8111	6820	8221
SMU109_08462	10810	9617	7909	7884	6894	8095
SMU109_08467	4466	7152	5769	6013	5493	6669
SMU109_08472	4201	5763	4166	4844	4107	4784
SMU109_08477	23993	19468	13658	15097	12695	17306
SMU109_08482	1968	1840	1915	2064	1576	1688
SMU109_08487	1313	1211	1426	1455	1140	1205
SMU109_08492	12821	14262	14998	16857	13474	15179
SMU109_08497	4046	4855	5557	6761	5201	5801
SMU109_08502	21797	19913	22403	24216	19657	22608
SMU109_08507	15829	18106	21800	23648	18990	22166
SMU109_08512	7572	10898	11647	13667	10160	11966
SMU109_08517	8838	12119	10849	12043	10948	12466
SMU109_08522	8188	9911	9360	10583	9046	11201
SMU109_08527	861	1774	1617	1729	1415	1849
SMU109_08532	3031	2817	3004	3037	2257	2791
SMU109_08537	6195	6356	5139	5292	3838	5344
SMU109_08542	2565	2755	2207	2487	1799	2291
SMU109_08547	54	98	74	132	95	110
SMU109_08552	536	418	603	681	512	536
SMU109_08557	1141	907	1126	1306	971	988
SMU109_08562	652	941	939	1127	889	1081
SMU109_08567	6993	10738	7254	9471	7895	10987
SMU109_08572	4913	5409	4904	5536	4782	5091
SMU109_08577	0	0	0	1	0	0
SMU109_08582	18749	21362	14850	17429	15630	16640
SMU109_08587	6651	6943	5050	6195	5687	6012
SMU109_08592	18096	18978	14059	16421	14716	17593
SMU109_08597	18463	19650	17327	19826	16503	21405
SMU109_08602	3769	3914	3247	3775	3121	4434
SMU109_08607	1069	2011	1996	2174	1777	2023
SMU109_08612	14030	15088	12424	14138	11316	15544
SMU109_08617	5611	4046	4354	4156	3205	4562
SMU109_08622	1993	1973	1598	1616	1323	1895
SMU109_08627	2777	3187	2774	2990	2251	2963
SMU109_08632	0	0	0	0	0	0
SMU109_08637	0	0	0	0	0	0
SMU109_08642	0	0	0	0	0	0
SMU109_08647	0	0	0	0	0	0
SMU109_08652	42278	34008	27100	29270	22400	21120
SMU109_08657	1090	2554	2209	2880	2767	2561
SMU109_08662	633	739	560	578	522	573
SMU109_08667	2504	3256	2743	2988	2445	2406
SMU109_08672	0	0	0	0	0	0
SMU109_08677	0	0	0	0	0	0
SMU109_08682	0	0	0	0	0	0
SMU109_08687	0	0	0	0	0	0
SMU109_08692	891	1200	1055	1212	1041	1042
SMU109_08697	0	0	0	0	0	0
SMU109_08702	1010	1022	909	871	762	1318
SMU109_08707	1126	1141	918	1001	1005	876
SMU109_08712	798	629	696	783	665	510
SMU109_08717	4658	5137	5190	5613	4143	3952
SMU109_00822	882	1212	775	1012	795	946
SMU109_00827	995	1298	949	1043	894	1111
SMU109_00832	283	684	285	311	300	355
SMU109_00837	589	1689	1428	2247	1959	2002
SMU109_00842	4286	3999	4328	4736	4762	5140
SMU109_00847	1184	1605	1798	2129	2053	2129
SMU109_00852	9858	9599	9054	9935	9905	10428
SMU109_00857	1288	1895	1974	2245	2004	2134
SMU109_00862	20297	27842	25366	30613	29063	22710
SMU109_00867	15826	18777	16541	20441	18377	14031
SMU109_00872	656	938	763	1024	715	802
SMU109_00877	1450	1235	991	1046	835	906
SMU109_00882	6598	6962	5181	5985	4852	5608
SMU109_00887	565	1085	836	1061	999	1509
SMU109_00892	725	1089	930	1057	987	1788
SMU109_00897	232	284	266	324	301	579
SMU109_00902	395	502	448	507	501	881
SMU109_00907	1589	1857	1771	2304	1809	2162
SMU109_00912	36	41	67	70	59	40
SMU109_00917	4060	4677	4027	4700	3927	3399
SMU109_00922	2650	2383	2023	2333	2091	2953
SMU109_00927	2444	2620	2225	2618	2382	2876
SMU109_00932	2041	2317	1964	2464	2190	2308
SMU109_00937	18006	22358	21117	24259	21077	25981
SMU109_00942	3591	4114	4525	4873	4273	4310
SMU109_00947	3168	3580	4150	4738	3938	3767
SMU109_00952	2243	2021	2018	2082	1921	1748
SMU109_00957	1761	2768	3147	3347	2934	2658
SMU109_00962	3381	3112	3094	3419	2794	2649
SMU109_00967	2290	1782	2138	2251	1833	1623
SMU109_00972	3489	3139	3082	3229	2614	2571
SMU109_00977	3343	3617	3361	3485	2808	2684
SMU109_00982	1402	1757	1736	1929	1398	1376
SMU109_00987	624	721	593	648	590	922
SMU109_00992	5290	6544	5971	7358	5831	8014
SMU109_00997	4082	5265	5127	5395	5142	6418
SMU109_01002	7185	8367	6874	8081	7037	8451
SMU109_01007	7495	6803	4964	5694	4274	4936
SMU109_01012	15	21	26	27	22	20
SMU109_01017	374	369	345	398	398	410
SMU109_01022	107	184	164	159	188	185
SMU109_01027	5413	6102	5542	6866	6665	7378
SMU109_01032	3571	3387	2869	3355	3439	3909
SMU109_01037	2737	2385	2320	2584	2649	2982
SMU109_01042	2609	3098	2820	3359	3003	3318
SMU109_01047	8	28	23	39	38	26
SMU109_01052	1517	2263	1818	2342	1801	2334
SMU109_08722	401	1171	809	1147	1134	1706
SMU109_08727	3687	5012	2892	3947	3033	6851
SMU109_08732	655	1665	1111	1442	1237	2753
SMU109_08737	1520	3225	2119	3202	2468	4817
SMU109_08742	8073	7096	5034	5539	5024	8184
SMU109_08747	9553	9139	7430	7682	5890	9514
SMU109_08752	469	491	328	413	293	514
SMU109_08757	1222	1296	1201	1302	1051	1888
SMU109_08762	2265	2126	1700	1971	1694	2994
SMU109_08767	2687	2557	1886	2136	1853	3465
SMU109_08772	2395	2769	2181	2724	2333	4126
SMU109_08777	2113	2303	1769	2072	1768	3261
SMU109_08782	1636	2087	1492	1996	1414	1940
SMU109_08787	1550	1355	1162	1233	1058	1549
SMU109_08792	11751	16780	16412	19376	16734	20488
SMU109_08797	134	176	167	171	177	135
SMU109_08802	2446	3397	2918	3203	2368	3525
SMU109_08807	2211	3264	2707	3266	2597	2327
SMU109_08812	2866	3175	3020	3181	2747	2500
SMU109_08817	2803	2613	1585	1802	1456	1776
SMU109_08822	9137	10131	6458	7439	6290	8074
SMU109_08827	460	911	544	733	539	860
SMU109_08832	2408	2443	2013	2295	1706	1904
SMU109_08837	1664	1323	1267	1309	954	934
SMU109_08842	232	968	1027	1133	1000	1053
SMU109_08847	1851	4797	3084	4809	3776	4673
SMU109_08852	630	749	534	673	561	1055
SMU109_08857	2037	2608	2232	2557	2247	3232
SMU109_08862	476	917	762	871	742	1096
SMU109_08867	823	1046	961	1066	793	1120
SMU109_08872	0	0	0	0	0	0
SMU109_08877	0	0	0	0	0	0
SMU109_08882	0	0	0	0	0	0
SMU109_08887	0	0	0	0	0	0
SMU109_08892	6899	6859	4938	5618	4683	6229
SMU109_08897	550	465	434	517	481	590
SMU109_08902	882	1253	1056	1217	1039	1397
SMU109_08907	1418	1465	1038	1171	1008	1345
SMU109_08912	318	292	258	296	247	447
SMU109_08917	4910	4648	4818	5186	4336	3968
SMU109_08922	782	714	714	721	614	628
SMU109_08927	1358	3795	3245	5300	4145	3624
SMU109_08932	0	0	0	0	0	0
SMU109_08939	0	0	0	0	0	0
SMU109_08944	0	0	0	0	0	0
SMU109_08949	645	441	2600	4330	434	421
SMU109_08954	965	382	2546	3990	332	340
SMU109_08959	3096	3474	2790	3151	2233	3045
SMU109_08964	6369	6872	8123	9002	6710	7246
SMU109_08969	5963	6849	6588	7584	6350	6240
SMU109_08974	7827	8321	7398	8538	6891	6980
SMU109_08979	5713	5392	4079	4274	3873	5004
SMU109_08984	1125	1448	1184	1445	1271	1776
SMU109_08989	3524	3848	3097	3306	3181	4665
SMU109_08994	4382	4574	3220	3621	3458	4915
SMU109_08999	4468	5099	4054	4320	4028	5414
SMU109_09004	3962	4238	3240	3548	3351	4440
SMU109_09009	876	1263	1375	1717	1978	1452
SMU109_09014	384	419	423	475	591	473
SMU109_09019	622	957	974	1179	1239	1228
SMU109_09024	1312	1666	1437	1669	1381	1908
SMU109_09029	922	1975	1795	2348	1955	2404
SMU109_09034	865	1108	1077	1167	980	1157
SMU109_09039	578	638	653	715	657	624
SMU109_09044	223	308	318	353	364	294
SMU109_09049	540	561	535	626	622	519
SMU109_09054	493	551	541	540	543	649
SMU109_09059	938	867	658	817	707	878
SMU109_09064	984	1656	1335	1466	1530	1757
SMU109_09069	217	251	239	286	272	352
SMU109_09074	482	577	431	523	502	582
SMU109_09079	1516	1725	1455	1560	1541	1894
SMU109_09084	2404	2857	2373	2507	2704	3328
SMU109_09089	1110	1479	1314	1337	1438	1781
SMU109_09094	2129	2545	2081	2402	2309	2737
SMU109_09099	0	0	0	0	0	0
SMU109_09104	0	0	0	0	0	0
SMU109_09109	0	0	0	0	0	0
SMU109_09114	0	0	0	0	0	0
SMU109_09119	0	0	0	0	0	0
SMU109_09134	0	0	0	0	0	0
SMU109_09139	0	0	1	1	0	0
SMU109_09144	313	377	488	484	406	219
SMU109_09149	515	848	935	1074	917	929
SMU109_09154	94	1265	1134	1565	1216	1154
SMU109_09159	5058	4655	3454	4086	3245	3325
SMU109_09164	10383	7606	6062	5292	4905	5473
SMU109_09169	11198	10880	7288	8237	6437	10342
SMU109_09174	5537	6165	6728	7784	5789	7610
SMU109_09179	7950	8152	6334	7434	5916	9569
SMU109_09184	2596	4159	3077	4035	3178	4958
SMU109_09189	2597	3242	2464	3001	2424	3736
SMU109_09194	0	0	0	0	0	0
SMU109_09199	0	0	0	0	0	0
SMU109_09204	0	0	0	0	0	0
SMU109_09209	0	0	0	0	0	0
SMU109_09214	0	0	0	0	0	0
SMU109_09219	0	0	0	0	0	0
SMU109_09224	745	1055	700	926	859	1715
SMU109_09229	416	578	557	672	557	700
SMU109_09234	5253	5279	4693	5301	4381	5642
SMU109_09239	516	773	852	1067	958	1051
SMU109_09244	2001	2366	2281	2863	2557	2758
SMU109_09249	9026	8293	6930	7306	5836	6668
SMU109_09254	19320	17692	15426	17011	13700	14941
SMU109_09259	536	741	721	733	572	418
SMU109_01057	9414	7584	6219	6783	6538	8883
SMU109_01062	2547	2815	3029	3408	2648	2474
SMU109_01067	515	579	384	460	459	551
SMU109_01072	376	589	414	454	466	642
SMU109_01077	64	105	51	93	83	111
SMU109_01082	26321	18261	17581	17130	15388	18359
SMU109_01087	7137	7021	6717	7987	6580	10878
SMU109_01092	4124	4217	3589	4557	3405	6910
SMU109_01097	2083	2445	2355	2767	2230	3266
SMU109_01102	3457	2894	2579	2703	2280	3457
SMU109_01107	8085	9558	8061	9711	9295	17159
SMU109_01112	2545	3794	3068	3976	3733	6012
SMU109_01117	1021	844	857	784	709	782
SMU109_01122	1059	1724	1472	1920	1590	1625
SMU109_01127	931	1782	1624	1775	1499	1665
SMU109_01132	18673	24208	18692	22262	17835	15500
SMU109_01137	624	614	779	725	664	1156
SMU109_01142	76	154	120	165	345	139
SMU109_01147	175	150	135	146	310	125
SMU109_01152	312	265	167	192	154	199
SMU109_01157	82	90	66	103	86	70
SMU109_01162	4454	9168	7014	8128	7380	11263
SMU109_01167	57	97	86	97	81	119
SMU109_01172	4003	3207	2685	2892	2158	3006
SMU109_01177	12282	13140	11387	13060	9637	14256
SMU109_01182	16278	22216	19467	23613	18540	24109
SMU109_01187	0	1	0	0	0	0
SMU109_01192	0	0	0	0	0	0
SMU109_01197	16	52	31	38	19	45
SMU109_01202	892	912	837	1041	1014	1006
SMU109_01207	892	985	828	1001	969	1058
SMU109_01212	674	825	732	848	869	940
SMU109_01217	973	1008	889	1005	948	936
SMU109_01222	819	783	605	640	626	645
SMU109_01227	782	778	648	729	645	676
SMU109_01232	271	472	433	495	475	463
SMU109_01237	536	576	527	650	616	568
SMU109_01242	780	716	601	643	586	602
SMU109_01247	652	644	500	583	530	503
SMU109_01252	383	320	309	337	304	293
SMU109_01257	54	222	194	339	277	244
SMU109_01262	134	160	190	176	185	197
SMU109_01267	2	19	0	2	3	4
SMU109_01272	0	0	0	0	0	0
SMU109_01277	0	0	0	0	0	0
SMU109_01282	0	0	0	0	0	0
SMU109_01287	0	0	0	0	0	0
SMU109_01292	0	0	0	0	0	0
SMU109_01297	0	0	0	0	0	0
SMU109_01302	0	0	0	0	0	0
SMU109_01307	0	0	0	0	0	0
SMU109_01312	0	0	0	0	0	0
SMU109_01317	0	0	0	0	0	0
SMU109_01322	223	250	331	359	281	399
SMU109_01327	242	364	294	352	247	508
SMU109_01332	1291	1347	928	1020	947	1659
SMU109_01337	296	403	300	389	349	542
SMU109_01342	604	1176	1051	1292	1172	1479
SMU109_01347	3645	3512	3053	3438	3318	4208
SMU109_01352	108229	130344	96543	116590	96806	129568
SMU109_01357	817	484	457	461	480	632
SMU109_09264	104	501	60	55	49	191
SMU109_09269	62	271	43	44	40	103
SMU109_09274	479	680	595	812	569	661
SMU109_09279	1722	1846	1892	2088	1556	1592
SMU109_09284	5369	5568	4354	5073	4284	6225
SMU109_09289	1018	1392	1035	1266	1100	1552
SMU109_09294	3897	3970	3148	3696	3321	4182
SMU109_09299	4780	4177	3692	3950	3970	4850
SMU109_09304	1673	2474	2777	2825	2829	3471
SMU109_09309	5421	6391	5503	6279	5744	7018
SMU109_09314	6840	7083	6102	6602	5737	8449
SMU109_09319	5958	7949	7056	8079	7458	10021
SMU109_09324	2675	5854	4512	6162	5488	6817
SMU109_09329	39880	63942	52639	67890	55363	68362
SMU109_09334	5836	6317	5106	6193	5102	6139
SMU109_09339	24	568	588	718	2146	497
SMU109_09344	2946	2818	2551	2863	2042	2503
SMU109_09349	1790	2200	1027	1197	1244	2143
SMU109_09354	711	809	594	592	640	601
SMU109_09359	4646	4437	3863	3991	4248	4453
SMU109_09364	4349	6241	4527	5599	5059	6379
SMU109_09369	21380	19952	15677	18139	16697	23879
SMU109_09374	15545	21077	20797	22673	16771	20861
SMU109_09379	2200	1658	1163	1278	994	1415
SMU109_09384	78	198	241	365	217	375
SMU109_09389	1520	1657	2038	2028	1422	2520
SMU109_09394	79	389	205	454	413	412
SMU109_09399	234	777	620	915	931	1076
SMU109_09404	2142	1847	1952	2072	1754	1963
SMU109_09409	4413	3726	3490	3401	3004	3372
SMU109_09414	522	982	351	385	599	1348
SMU109_09424	5	1	4	13	12	5
SMU109_09429	366371	256691	230410	229118	174938	291210
SMU109_09434	2185	17670	18966	26889	20197	19384
SMU109_09453	572	1397	680	1451	1189	1528
SMU109_09458	424	399	478	467	416	441
SMU109_09463	72	81	62	78	78	116
SMU109_09468	234	222	168	169	144	221
SMU109_09473	58	81	73	85	90	138
SMU109_09478	55	77	46	62	61	68
SMU109_01364	36	78	70	96	78	75
SMU109_01369	227	265	262	268	256	240
SMU109_01374	393	543	540	671	588	500
SMU109_01379	869	742	787	896	850	685
SMU109_01384	363	242	209	212	206	205
SMU109_01389	1327	1428	1099	1398	1239	1728
SMU109_01394	729	611	547	592	554	781
SMU109_01399	1662	2079	2055	2398	2254	2562
SMU109_01404	938	1082	838	1191	1094	1410
SMU109_01409	17433	18486	17648	19349	15961	15687
SMU109_01414	625	1372	1393	1716	1273	998
SMU109_01419	2606	3001	3068	3004	2147	2023
SMU109_01424	2227	2798	1883	2437	2314	3201
SMU109_01429	5391	5223	3666	4368	3740	5942
SMU109_01434	11173	9284	7423	7760	7129	11106
SMU109_01439	7491	7762	6316	7265	6860	9931
SMU109_01444	21796	28070	23967	26957	22131	32909
SMU109_01449	0	0	0	0	0	0
SMU109_01454	0	0	0	0	0	0
SMU109_01459	0	0	0	0	0	0
SMU109_01464	0	0	0	0	0	0
SMU109_01469	0	0	0	0	0	0
SMU109_01474	0	0	0	0	0	0
SMU109_01479	0	0	0	0	0	0
SMU109_01484	179633	202637	186611	216530	173353	194339
SMU109_01489	8016	12387	9381	12530	10219	14097
SMU109_01494	13826	21560	15221	19621	14905	27862
SMU109_01499	851	768	855	821	660	582
SMU109_01504	832	1416	2272	2020	1380	981
SMU109_01509	5692	6399	8071	8723	6218	6412
SMU109_01514	458	496	406	496	496	389
SMU109_01519	25	92	86	126	120	98
SMU109_01524	762	817	921	996	889	1089
SMU109_01529	2587	2382	2537	2844	2383	2655
SMU109_01534	2064	2042	2019	2295	1956	2196
SMU109_01539	905	1271	1039	1297	1115	1086
SMU109_01544	1353	1994	1797	2001	1621	1770
SMU109_01549	7058	11401	9118	11199	10568	8105
SMU109_01554	10441	8239	7911	8007	7817	6451
SMU109_01559	14451	11929	12280	13565	12904	10994
SMU109_01564	6528	7002	5790	6797	6221	7146
SMU109_01569	5702	6020	5145	5429	5157	6438
SMU109_01574	2929	2377	2550	2640	2599	3312
SMU109_01579	2154	3552	3051	3836	3163	3836
SMU109_01584	3892	4384	4224	4574	3303	4025
SMU109_01589	3199	4321	3821	4276	3482	5454
SMU109_01594	15536	14671	12793	13899	11134	16359
SMU109_01599	803	758	736	829	683	1095
SMU109_01604	160	216	206	220	209	405
SMU109_01609	636	665	514	577	472	1003
SMU109_01614	686	675	627	668	564	1127
SMU109_01619	214	256	267	286	245	425
SMU109_01624	31956	34032	28362	33265	27915	33637
SMU109_01629	71061	92905	72072	95329	76377	86629
SMU109_01634	22163	26698	17546	24670	18801	23519
SMU109_01639	893	891	1247	1174	707	873
SMU109_09483	6593	5790	4578	5104	4407	4438
SMU109_09488	13860	12719	10288	12564	10584	9801
SMU109_09493	4033	2715	2897	3048	2864	2586
SMU109_09498	1430	792	818	861	918	856
SMU109_09503	18238	18332	18027	17844	14906	12916
SMU109_09508	34558	37102	38977	40795	33742	28473
SMU109_09513	3099	4820	4520	5120	4070	3459
SMU109_09518	0	0	0	0	0	0
SMU109_09523	0	0	0	0	0	0
SMU109_09528	9441	7932	7891	7163	6337	5427
SMU109_09533	24635	22865	17583	19842	16154	14518
SMU109_09538	39270	43572	41635	41433	35311	31287
SMU109_09543	19436	29795	25540	28576	23760	21667
SMU109_09548	9483	11474	9433	12342	9557	7153
SMU109_09553	23625	19825	16420	18587	14811	13304
SMU109_09558	15649	18385	18133	20718	16778	14351
SMU109_09563	25592	19633	21271	21034	18697	16548
SMU109_09568	29665	30406	26041	30159	25359	23155
SMU109_09573	18230	18974	19659	19694	16955	15627
SMU109_09578	22459	28587	29223	32932	28055	23829
SMU109_09583	30862	30755	31009	33658	27472	24429
SMU109_09588	18653	19792	24553	22128	20292	18739
SMU109_09593	31461	31531	26679	28758	23026	20963
SMU109_09598	10096	14067	12225	15201	11738	9939
SMU109_09603	16503	18038	19588	20282	17885	15015
SMU109_09608	28498	43058	41116	49993	41458	35932
SMU109_09613	5760	5669	6236	6469	5767	5566
SMU109_09618	39040	26370	32635	30183	29274	27731
SMU109_09623	25757	22322	26484	25867	23580	21444
SMU109_09628	43318	33556	35809	39818	35206	31555
SMU109_09633	24614	23489	22271	26448	21370	17377
SMU109_09638	57870	58416	66585	70553	61816	53103
SMU109_09643	17615	20760	20017	23437	19060	16171
SMU109_09648	3191	3778	5585	5991	4952	3156
SMU109_09657	0	0	0	0	0	0
SMU109_09662	0	0	0	0	0	0
SMU109_09667	0	0	0	0	0	0
SMU109_09672	0	0	0	0	0	0
SMU109_09677	0	0	0	0	0	0
SMU109_09682	0	0	0	0	0	0
SMU109_09687	89766	108327	88271	106233	87022	95145
SMU109_09692	34452	71621	73947	93267	76236	83544
SMU109_09697	21393	33348	29971	43424	34382	37811
SMU109_09702	43471	96271	96078	135817	105224	112146
SMU109_09713	6905	7958	7371	8056	6713	8116
SMU109_09718	4786	4916	4370	4745	4225	4941
SMU109_09728	7012	7472	5767	6369	5935	5099
SMU109_09733	480	499	365	397	388	457
SMU109_09738	743	823	516	596	526	622
SMU109_09743	1278	1076	692	819	691	848
SMU109_09748	886	667	407	463	351	498
SMU109_09753	736	744	419	482	372	546
SMU109_09758	679	1093	1266	1598	1405	1063
SMU109_09763	5125	5613	5071	5968	4904	3909
SMU109_09768	4557	6121	5846	6767	5762	5160
SMU109_09773	4636	4695	6079	7571	5302	7233
SMU109_09778	947	1393	1530	1941	1568	1790
SMU109_01644	0	0	0	0	0	0
SMU109_01649	2030	2649	3526	3621	2534	2272
SMU109_01654	11211	12354	13836	14931	11661	12455
SMU109_01659	4509	4931	5900	5923	4753	5475
SMU109_01664	3263	3988	3726	3928	3604	3801
SMU109_01669	1936	1972	1738	1753	1672	1888
SMU109_01674	1632	1440	1441	1450	1302	1134
SMU109_01679	1281	1388	1486	1588	1295	1098
SMU109_01684	304	446	362	479	357	326
SMU109_01689	176	404	342	405	302	318
SMU109_01694	13166	10444	4557	6328	5749	12293
SMU109_01704	3577	3081	1895	2113	1979	2866
SMU109_01709	872	961	680	816	682	1000
SMU109_01714	717	769	609	569	457	698
SMU109_01719	363	481	445	423	406	508
SMU109_01724	1495	1664	1169	1317	1073	1424
SMU109_01729	864	1228	881	1013	858	1062
SMU109_01734	249	510	315	399	267	337
SMU109_01739	11065	14444	13965	15624	10026	7933
SMU109_01744	1717	1757	2063	1974	1465	1148
SMU109_01749	7954	8350	7922	9193	6761	10415
SMU109_01754	1785	1879	2063	2394	1856	2491
SMU109_01759	13986	12939	13096	13903	11304	10995
SMU109_01764	365	438	318	341	315	429
SMU109_01769	386	426	366	399	356	325
SMU109_01774	277	289	287	322	335	300
SMU109_01779	18325	21425	19054	22805	18828	23635
SMU109_01784	1166	1126	1048	1175	982	913
SMU109_01789	1984	3149	2659	3718	2493	2840
SMU109_01794	31301	30330	28868	30683	24180	23444
SMU109_01799	20237	25319	20714	24983	18849	18850
SMU109_01804	1952	1655	1603	1594	1239	1184
SMU109_01809	10202	10862	10429	10849	9047	9222
SMU109_01814	14206	15858	9860	12601	7568	19707
SMU109_01819	967	1620	1348	1676	1439	2658
SMU109_09783	0	0	1	0	1	0
SMU109_09788	0	0	0	0	0	0
SMU109_09793	0	0	0	0	0	0
SMU109_09798	5202	5544	3453	3914	3358	4624
SMU109_09803	4171	5055	3432	3955	3930	4820
SMU109_09808	1532	1592	1178	1267	1152	1565
SMU109_09813	4656	4477	3121	3288	3062	3927
SMU109_09818	0	0	0	0	0	0
SMU109_09836	378	347	393	354	302	312
SMU109_09841	1280	1288	974	1209	1031	1343
SMU109_09846	395	472	433	502	454	696
SMU109_09851	173	175	165	199	165	282
SMU109_09856	0	0	0	0	0	0
SMU109_09861	90	679	158	165	160	194
SMU109_09866	2305	3004	2712	3210	2875	3584
SMU109_09871	4866	12326	13723	16983	16467	15018
SMU109_09876	1271	14761	8360	19016	13830	12320
SMU109_09881	4014	6511	12847	13666	10370	8960
