gene	40	41	42	43
SMU86_00005	5360	8733	10983	9589
SMU86_00010	3690	5587	7028	6541
SMU86_00015	2534	4286	5108	4554
SMU86_00020	754	1184	1354	1353
SMU86_00025	975	1131	1570	1590
SMU86_00030	742	855	1113	1223
SMU86_00035	616	693	888	1010
SMU86_00040	294	268	419	438
SMU86_00045	974	1150	1503	1592
SMU86_00050	626	1079	845	1249
SMU86_00055	1796	3468	2521	3771
SMU86_00060	1892	3905	2728	3949
SMU86_00065	357	44	542	127
SMU86_00070	589	111	864	309
SMU86_00075	823	453	1242	940
SMU86_00080	0	0	0	0
SMU86_00085	123	96	194	181
SMU86_00090	561	473	905	856
SMU86_00095	362	494	678	704
SMU86_00100	1688	2675	3104	3179
SMU86_00115	140	113	270	237
SMU86_00120	135	117	212	192
SMU86_00125	307	229	612	466
SMU86_00130	609	428	1055	782
SMU86_00135	1585	1643	2852	2424
SMU86_00140	2217	2606	4284	3738
SMU86_00145	2741	4517	5119	5202
SMU86_00150	1189	1548	2236	2110
SMU86_00155	2203	2764	4007	3699
SMU86_00160	1666	1677	2830	2694
SMU86_00165	4525	5112	7350	7412
SMU86_00170	4844	5688	7957	7796
SMU86_00175	4640	4962	7795	7398
SMU86_00180	3563	3001	5872	5192
SMU86_00185	3835	2531	6545	5348
SMU86_00190	3385	2250	5790	4995
SMU86_00195	26501	33290	50136	43750
SMU86_00200	171	98	305	235
SMU86_00205	1074	389	1768	1253
SMU86_00210	2014	1029	3567	2888
SMU86_00215	6382	13167	10494	12971
SMU86_00220	374	200	730	573
SMU86_00225	1011	1100	1537	1576
SMU86_00230	2871	2902	3957	4308
SMU86_00235	5739	7062	8731	8928
SMU86_00240	3062	3812	4345	4646
SMU86_00245	8186	10631	11125	11491
SMU86_00250	6276	10577	9864	11855
SMU86_00255	4482	7888	6683	8375
SMU86_00260	4196	8215	6588	7769
SMU86_00265	2551	624	1456	3831
SMU86_00270	3612	751	2169	3012
SMU86_00275	15964	28234	19974	33375
SMU86_00280	5877	10414	9656	11651
SMU86_00285	2009	3182	3433	3753
SMU86_00290	388	346	666	635
SMU86_00295	859	906	1653	1496
SMU86_00300	2823	5151	4278	5321
SMU86_00305	820	646	1392	1097
SMU86_00310	452	218	875	512
SMU86_00315	241	73	384	220
SMU86_00320	468	416	850	664
SMU86_00325	601	726	1168	964
SMU86_00330	549	699	1000	969
SMU86_00335	1483	2387	2912	2575
SMU86_00340	1786	3538	3212	3505
SMU86_00345	48	40	76	83
SMU86_00350	1223	1875	1972	2012
SMU86_00355	795	800	1333	1224
SMU86_00360	881	941	1502	1454
SMU86_00365	1662	1048	2722	2112
SMU86_00370	98	52	135	96
SMU86_00375	210	173	317	301
SMU86_00380	13	14	37	24
SMU86_00385	5851	7725	8052	9296
SMU86_00390	3288	3799	5803	5821
SMU86_00395	2164	1590	3708	3346
SMU86_00400	2920	2656	5088	4852
SMU86_00405	344	263	511	471
SMU86_00410	1915	1597	3178	2775
SMU86_00415	4020	3510	6514	5930
SMU86_00420	3772	3556	5969	5576
SMU86_00425	2848	2531	4549	4240
SMU86_00430	4407	3397	6954	5928
SMU86_00435	3715	2016	5851	4380
SMU86_00440	2450	1335	4226	2819
SMU86_00445	5266	5100	8702	7896
SMU86_00450	4941	6463	8238	8503
SMU86_00455	8020	16666	13317	18126
SMU86_00460	785	1037	1578	1258
SMU86_00465	534	607	1304	818
SMU86_00470	516	457	1331	795
SMU86_00475	658	1029	1178	1418
SMU86_00480	36	30	66	66
SMU86_00485	820	862	1367	1766
SMU86_00490	255	231	586	570
SMU86_00495	130	129	362	323
SMU86_00500	612	786	1267	1418
SMU86_00505	606	869	1275	1346
SMU86_00510	3456	8438	6054	7592
SMU86_00515	462	746	828	776
SMU86_00520	533	900	915	968
SMU86_00525	4459	4689	8445	7082
SMU86_00530	6334	6807	11684	10614
SMU86_00535	481	301	1024	631
SMU86_00540	3925	3024	7733	5700
SMU86_00545	951	505	1627	1245
SMU86_00550	2359	1733	4616	3632
SMU86_00555	1282	990	2560	2187
SMU86_00560	435	630	724	837
SMU86_00565	1038	1959	1716	1888
SMU86_00570	842	1448	1390	1484
SMU86_02313	59128	131319	94013	121165
SMU86_02318	1198	1026	2198	1581
SMU86_02323	2148	1678	4206	2835
SMU86_02328	2041	1231	3252	2201
SMU86_02333	2499	1229	4027	2540
SMU86_02338	1427	624	2505	1323
SMU86_02343	6616	6922	13285	10997
SMU86_02348	20346	33672	35152	37827
SMU86_02353	30765	48696	55593	57601
SMU86_02358	709	770	1511	1263
SMU86_02363	2266	1871	4312	3883
SMU86_02368	7312	17552	34056	13430
SMU86_02373	1747	4971	3174	5211
SMU86_02378	1115	1289	2512	2256
SMU86_02383	312	316	720	547
SMU86_02388	866	930	1844	1571
SMU86_02393	1141	1185	1890	1784
SMU86_02398	2939	3250	4964	4885
SMU86_02403	3452	3592	5805	6012
SMU86_02408	4558	4640	7516	7711
SMU86_02413	980	1895	1716	1923
SMU86_02418	582	1271	1274	1302
SMU86_02423	44	86	116	97
SMU86_10146	662	975	1076	1223
SMU86_10151	0	0	0	0
SMU86_10156	0	0	0	0
SMU86_10161	0	0	0	0
SMU86_10166	29	28	53	38
SMU86_10171	0	0	0	1
SMU86_10176	364	666	605	686
SMU86_10181	135	213	245	245
SMU86_10186	378	697	776	708
SMU86_10191	121	83	231	126
SMU86_10196	614	87	1117	247
SMU86_10201	2008	439	3789	1074
SMU86_10206	50024	100995	79134	104348
SMU86_10211	604	815	1271	1098
SMU86_10216	1688	2472	3139	2830
SMU86_10221	119	80	246	181
SMU86_10226	615	320	1148	823
SMU86_10231	128	56	224	147
SMU86_10236	2108	2279	4296	3146
SMU86_10241	1839	2844	3575	3225
SMU86_10246	5155	9285	10169	9790
SMU86_10251	2246	3969	4210	4073
SMU86_10256	69	37	113	69
SMU86_10261	140	104	208	233
SMU86_10266	361	250	457	607
SMU86_10271	5066	6696	9895	9059
SMU86_10276	470	1333	1506	926
SMU86_10281	1226	3394	3670	2139
SMU86_02430	0	0	0	0
SMU86_02435	0	0	0	0
SMU86_02440	0	0	0	0
SMU86_02445	0	0	0	0
SMU86_02450	71	121	155	119
SMU86_02455	17	25	51	41
SMU86_02460	53	61	93	48
SMU86_02465	60	43	132	66
SMU86_02470	2588	1577	7289	3460
SMU86_02475	1188	1923	2254	2323
SMU86_02480	1570	2083	2577	2633
SMU86_02485	1172	1420	2069	1929
SMU86_02490	1122	1507	2159	1990
SMU86_02495	1444	1846	2523	2390
SMU86_10291	329	778	633	715
SMU86_10302	0	0	0	0
SMU86_10307	0	0	0	0
SMU86_10312	0	0	0	0
SMU86_10322	772	1226	1354	1301
SMU86_10327	291	495	402	526
SMU86_10342	3739	2597	6137	5331
SMU86_10347	135	221	238	245
SMU86_02500	7014	15740	12229	14208
SMU86_02505	6933	14572	10660	14341
SMU86_02510	719	1130	1061	1405
SMU86_02515	557	719	841	952
SMU86_02520	791	984	1144	1333
SMU86_02525	1905	3157	2754	3821
SMU86_10352	12	22	13	45
SMU86_10357	0	0	0	0
SMU86_10362	343	323	5495	9187
SMU86_10372	152	105	205	300
SMU86_10377	1518	1040	1801	3112
SMU86_10382	639	651	827	1423
SMU86_10387	30	34	60	61
SMU86_02530	620	974	1196	1201
SMU86_02535	968	1628	1918	1901
SMU86_02540	959	1638	1927	1796
SMU86_02545	1726	3016	3348	3202
SMU86_02550	2550	4900	4730	4874
SMU86_02555	1465	2954	2835	2918
SMU86_02560	6674	16198	10827	15158
SMU86_02565	1353	2395	2595	2656
SMU86_02570	1387	703	2428	1385
SMU86_02575	0	0	0	0
SMU86_02580	0	0	0	0
SMU86_02585	1214	1788	2335	2283
SMU86_02590	2676	2789	4379	4140
SMU86_02595	12730	29617	21302	25532
SMU86_02600	1599	2603	3067	2993
SMU86_02605	2279	3786	4462	4246
SMU86_02610	863	1505	1725	1650
SMU86_02615	41822	79711	58610	102685
SMU86_02620	2023	1958	3799	3477
SMU86_02625	959	735	1739	1549
SMU86_02630	818	582	1462	1391
SMU86_10420	0	0	0	0
SMU86_10425	45	67	89	72
SMU86_10430	200	230	299	307
SMU86_10446	0	0	0	0
SMU86_10451	1217	1300	2428	2172
SMU86_10456	740	1001	1438	1417
SMU86_10461	0	0	0	0
SMU86_10466	110	101	188	147
SMU86_10471	512	655	809	986
SMU86_02635	2262	3756	3968	4037
SMU86_02640	562	833	1007	1079
SMU86_02645	1214	1502	2186	1992
SMU86_02650	1782	3840	3401	3561
SMU86_02655	356	365	733	601
SMU86_02660	1007	879	1906	1548
SMU86_02665	3461	7264	5693	6797
SMU86_02670	805	1181	1754	1435
SMU86_02675	19211	12541	11058	49669
SMU86_02680	1625	1971	2318	2739
SMU86_02685	760	1304	1122	1335
SMU86_02690	1115	2252	2101	2231
SMU86_02695	2290	4716	3769	4497
SMU86_02700	3195	5413	5308	6602
SMU86_02705	1970	5474	6099	3603
SMU86_02710	2624	6075	5022	5667
SMU86_02715	821	1364	1481	1515
SMU86_02720	780	1193	1584	1374
SMU86_02725	1462	1614	2913	2260
SMU86_02730	891	640	1695	1255
SMU86_02735	187	83	388	269
SMU86_02740	857	360	1724	1159
SMU86_02745	193	125	364	299
SMU86_02750	1254	1549	2408	2182
SMU86_02755	508	459	983	709
SMU86_02760	1152	662	2276	1637
SMU86_02765	6852	4564	14006	10281
SMU86_02770	1338	1938	2195	2385
SMU86_02775	9527	18366	15894	19024
SMU86_02780	0	0	0	0
SMU86_10481	0	0	0	0
SMU86_10493	0	0	0	0
SMU86_10498	0	0	0	0
SMU86_10503	0	0	0	0
SMU86_10508	137	122	3731	6606
SMU86_10513	857	1274	21953	37639
SMU86_10518	0	0	0	0
SMU86_10523	0	0	0	0
SMU86_02785	139	206	239	242
SMU86_02790	544	705	810	912
SMU86_02795	1293	1113	1993	2252
SMU86_02800	1703	812	2645	2301
SMU86_02805	337	156	539	441
SMU86_02810	519	280	788	779
SMU86_02815	474	282	641	673
SMU86_02820	398	166	582	532
SMU86_02825	25996	68940	44002	58428
SMU86_02830	899	2200	1390	1773
SMU86_02835	7769	13057	13849	14505
SMU86_02840	3726	2461	6314	4922
SMU86_02845	0	0	0	0
SMU86_02850	21244	20246	34998	34652
SMU86_02855	713	1395	1283	1552
SMU86_02860	798	1618	1661	1645
SMU86_02865	1150	2395	1723	2289
SMU86_02870	1256	2475	1773	2302
SMU86_02875	1811	3693	2769	3513
SMU86_02880	1422	2806	2213	2755
SMU86_02885	7063	14586	11371	16352
SMU86_02890	18499	30777	28383	38790
SMU86_02895	2293	3063	3172	4771
SMU86_02900	4058	6799	6087	8859
SMU86_02915	2495	3605	4315	5490
SMU86_02920	1551	1820	2749	2714
SMU86_02925	3630	4466	6337	6370
SMU86_02930	4227	5881	7454	7786
SMU86_02935	4146	8522	6849	8049
SMU86_02940	904	1546	1470	1599
SMU86_02945	1324	2213	1951	2529
SMU86_02950	4703	9320	7950	9475
SMU86_02955	11711	21184	20863	22096
SMU86_02960	3199	5237	5652	5516
SMU86_02965	1335	1865	2519	2183
SMU86_02970	2374	3895	4484	4155
SMU86_02975	30911	9601	50174	28541
SMU86_02980	1945	2168	2989	3978
SMU86_02985	621	765	1093	1029
SMU86_02990	1176	1488	2693	1428
SMU86_02995	0	0	0	0
SMU86_03000	0	0	0	0
SMU86_03005	0	0	0	0
SMU86_03010	0	0	0	0
SMU86_03015	377	190	755	311
SMU86_03020	226	130	499	210
SMU86_03025	525	234	1091	426
SMU86_03030	641	552	1302	709
SMU86_03035	246	346	554	360
SMU86_03040	806	1246	1678	1367
SMU86_03045	609	1177	1349	1190
SMU86_03050	0	0	0	0
SMU86_03055	0	0	0	0
SMU86_03060	0	0	0	0
SMU86_03065	1	1	3	0
SMU86_10528	44	52	60	89
SMU86_10533	0	0	0	0
SMU86_10542	0	0	0	0
SMU86_10547	0	0	0	0
SMU86_10557	0	0	0	0
SMU86_03072	1249	1690	1908	2201
SMU86_03077	1069	1408	1742	1894
SMU86_03082	1605	3047	2710	3474
SMU86_03087	4841	9501	8546	10796
SMU86_03092	1392	3195	2738	2885
SMU86_03097	2327	4773	4372	4627
SMU86_03102	1148	2468	2540	2377
SMU86_03107	765	954	2162	1571
SMU86_03112	1378	2351	3278	2835
SMU86_03117	2493	4176	4161	5335
SMU86_03122	2708	4392	4819	5461
SMU86_10567	0	0	0	0
SMU86_10572	0	0	0	0
SMU86_10577	0	0	0	0
SMU86_03127	2815	1507	1925	7454
SMU86_03132	2515	1611	1806	7177
SMU86_03137	1151	2135	1660	2723
SMU86_03142	764	1270	1142	1812
SMU86_03147	11314	20265	22904	20985
SMU86_03152	1544	1617	2374	2516
SMU86_03157	2034	4702	4149	4851
SMU86_03162	1536	2916	3093	2931
SMU86_03167	1590	3020	3313	3179
SMU86_03172	458	682	872	795
SMU86_03177	129	144	271	206
SMU86_03182	58	66	111	79
SMU86_03187	153	115	247	193
SMU86_03192	77	43	141	81
SMU86_03197	299	56	464	149
SMU86_03202	766	68	1487	370
SMU86_03207	363	265	639	574
SMU86_03212	45	22	78	45
SMU86_03224	11210	16312	18692	19941
SMU86_03229	6688	10091	11656	12277
SMU86_03234	4352	7113	7330	8216
SMU86_03239	2291	3603	4101	4473
SMU86_03244	3764	5170	4941	8727
SMU86_03249	1739	1489	1367	4882
SMU86_03254	3229	7279	6108	6799
SMU86_03259	759	998	1391	1151
SMU86_03264	398	530	748	638
SMU86_03269	199	241	334	308
SMU86_03274	155	249	325	314
SMU86_03279	845	1165	1625	1439
SMU86_03284	1773	2553	3325	2982
SMU86_03289	2378	3143	4457	4114
SMU86_03294	3601	4850	6742	6064
SMU86_03299	2591	3447	4394	4130
SMU86_03304	4861	7051	8820	8035
SMU86_03309	1362	2070	2528	2280
SMU86_03314	810	308	1497	832
SMU86_03319	210	70	389	213
SMU86_03324	123	91	191	200
SMU86_03329	305	318	504	510
SMU86_03334	224	401	430	402
SMU86_03339	11	11	13	25
SMU86_03344	108	165	182	214
SMU86_03349	38	51	71	70
SMU86_03354	58	61	91	83
SMU86_03359	0	0	0	0
SMU86_03364	0	0	0	0
SMU86_03369	0	0	0	0
SMU86_03374	2035	2832	3349	3639
SMU86_03379	19070	21917	34864	33904
SMU86_03384	3437	2006	6282	4972
SMU86_03389	1858	514	3714	1334
SMU86_03394	3360	658	6407	1149
SMU86_03399	433	23	736	61
SMU86_03404	1174	62	2265	142
SMU86_03409	1106	55	2180	132
SMU86_03414	3669	589	7047	2013
SMU86_03419	689	141	1313	406
SMU86_03424	4005	3285	7981	5595
SMU86_03429	268	170	574	356
SMU86_03434	2066	1661	4052	2755
SMU86_03439	1997	641	3670	2019
SMU86_03444	390	60	882	196
SMU86_03449	2976	909	6758	2510
SMU86_03454	798	474	1705	1169
SMU86_03459	775	704	1552	1154
SMU86_00575	21450	46149	42887	45351
SMU86_00580	3628	1775	7057	4913
SMU86_00585	4413	1936	8617	5642
SMU86_00590	2933	2159	5764	4091
SMU86_00595	4015	3361	7323	5621
SMU86_00600	1545	888	2755	2006
SMU86_00605	2211	1196	3700	2667
SMU86_00610	2045	1576	3762	2800
SMU86_00615	703	598	1280	1000
SMU86_00620	2623	3178	4854	4172
SMU86_00625	1543	2333	2628	3009
SMU86_00630	771	1171	1324	1516
SMU86_00635	437	295	645	1404
SMU86_00640	485	414	843	1389
SMU86_00645	0	0	0	0
SMU86_00650	219	473	408	450
SMU86_03466	85	51	181	211
SMU86_03471	1907	911	3005	5366
SMU86_03476	1225	709	2079	3655
SMU86_03481	3450	5346	5033	6071
SMU86_03486	5912	8571	8790	10121
SMU86_03491	11081	14427	15972	17353
SMU86_03496	6934	5211	9692	8313
SMU86_03501	8859	2579	12125	7989
SMU86_03506	3472	1365	4527	3814
SMU86_03511	4556	5395	5235	7178
SMU86_03516	1146	631	1993	1604
SMU86_03521	796	337	1268	1120
SMU86_03526	874	631	1529	1228
SMU86_03531	4056	3741	7214	6195
SMU86_03536	4485	7342	8118	8327
SMU86_03541	4209	5276	8390	7721
SMU86_03546	523	845	852	953
SMU86_03551	1531	2517	2420	2912
SMU86_03556	3073	5451	4750	6187
SMU86_03561	898	1451	1349	1820
SMU86_03566	1347	2061	1959	2645
SMU86_03571	1234	1905	1637	2573
SMU86_03576	904	1308	1180	1799
SMU86_03581	1486	1793	1957	2825
SMU86_03586	1607	1601	2107	2946
SMU86_03591	2549	1031	3378	2957
SMU86_03596	2513	1876	3422	5580
SMU86_03601	14754	31608	26498	28987
SMU86_03606	681	817	1289	1105
SMU86_03611	715	883	1296	1182
SMU86_03616	1847	3165	3403	3517
SMU86_03621	1015	1938	2001	1875
SMU86_03626	1251	2118	2554	2158
SMU86_03631	3872	3871	9786	5732
SMU86_03636	320	399	503	435
SMU86_03641	507	316	902	518
SMU86_03646	20503	37101	32023	48902
SMU86_03651	2872	5211	4516	6939
SMU86_03656	832	3476	1101	2805
SMU86_03661	2917	12204	3448	10314
SMU86_03666	2197	9886	2720	8670
SMU86_03671	783	3598	982	3766
SMU86_03676	899	4459	1090	4118
SMU86_03681	12	13	35	33
SMU86_03686	1408	693	2881	1836
SMU86_03691	663	446	1389	978
SMU86_03696	1088	755	2229	1569
SMU86_03701	660	300	1329	762
SMU86_03706	603	566	1176	931
SMU86_03711	274	109	528	300
SMU86_03716	281	74	636	269
SMU86_03721	1760	3641	3041	3601
SMU86_03726	1216	2364	2181	2341
SMU86_03731	884	1685	1511	1622
SMU86_03736	2060	3737	3347	3738
SMU86_03741	2324	4527	3946	4576
SMU86_03746	4291	7331	7209	8191
SMU86_03751	6046	10305	10636	11940
SMU86_03756	4180	5553	5740	9228
SMU86_03761	582	768	922	1107
SMU86_03766	2748	5863	3266	7035
SMU86_03771	3621	6732	4449	9082
SMU86_03776	2540	2652	3097	5225
SMU86_03781	1968	1204	2781	3609
SMU86_03786	166	323	345	292
SMU86_03791	7768	12694	14389	13791
SMU86_03796	11120	13426	20372	18301
SMU86_03801	1487	1032	2677	2074
SMU86_03806	5711	6261	11118	8922
SMU86_03811	4515	7522	7699	8090
SMU86_03816	2719	4337	4569	4866
SMU86_03821	2186	1866	3605	3521
SMU86_03826	1159	777	1922	1845
SMU86_03831	6039	5805	9907	10396
SMU86_03836	2131	2983	3583	4070
SMU86_03841	696	1609	1207	1571
SMU86_03846	924	1984	1480	1898
SMU86_03851	609	1259	934	1292
SMU86_03856	272	343	465	470
SMU86_03861	526	2126	1599	2027
SMU86_03866	907	2053	1233	2047
SMU86_03871	1447	3536	2800	3593
SMU86_03876	1950	4512	3956	4694
SMU86_03881	563	2069	2039	2365
SMU86_03886	174	1028	1213	1551
SMU86_03891	47	67	79	76
SMU86_03896	1480	2418	2667	2749
SMU86_03901	252	607	592	543
SMU86_03906	1667	3715	3783	3466
SMU86_03911	349	685	778	690
SMU86_03916	74	111	156	121
SMU86_03921	87	157	130	159
SMU86_03926	983	1881	1447	1881
SMU86_03931	1262	2341	1970	2429
SMU86_03936	1809	4267	3411	3760
SMU86_03941	1050	1738	2141	2052
SMU86_03946	7469	10072	12582	14015
SMU86_03951	6611	8292	11359	11615
SMU86_03956	7338	9042	12609	13004
SMU86_03961	1677	1908	2775	2789
SMU86_03966	0	0	0	0
SMU86_03971	0	0	0	0
SMU86_03976	24	30	38	28
SMU86_03981	743	984	1157	1257
SMU86_03986	6238	13448	9478	12144
SMU86_03991	259	383	408	466
SMU86_03996	813	1497	1568	1496
SMU86_04001	2061	3574	3584	3714
SMU86_04006	1815	2993	2912	3064
SMU86_04011	2374	4403	4219	4265
SMU86_04016	884	1666	1593	1623
SMU86_04021	1470	2522	2651	2763
SMU86_04026	1693	2814	2897	3042
SMU86_04031	2996	5453	5284	5798
SMU86_04036	1578	2550	2626	2783
SMU86_04041	2958	2865	5177	4635
SMU86_04046	1548	1070	2507	2117
SMU86_04051	1865	1951	3099	3126
SMU86_04056	3662	5570	6136	6700
SMU86_04061	66	34	110	145
SMU86_04066	3316	1701	4697	6019
SMU86_04071	257	597	492	547
SMU86_04076	1140	319	2120	1219
SMU86_04081	0	0	0	0
SMU86_04086	0	0	0	0
SMU86_04091	0	0	0	0
SMU86_04096	0	0	0	0
SMU86_04101	0	0	0	0
SMU86_04126	0	0	0	0
SMU86_04131	0	0	0	0
SMU86_04136	0	0	0	0
SMU86_04141	0	0	0	0
SMU86_04146	0	0	0	0
SMU86_04151	0	0	0	0
SMU86_04156	0	0	0	0
SMU86_04161	0	0	0	0
SMU86_04166	0	0	0	0
SMU86_04171	0	0	0	0
SMU86_04176	0	0	0	0
SMU86_04181	0	0	0	0
SMU86_04186	6136	10677	10168	11658
SMU86_04191	14555	22307	25773	25479
SMU86_04196	3391	4434	6009	5982
SMU86_04201	232	126	454	313
SMU86_04206	1585	2054	2980	2753
SMU86_04211	6611	4832	11280	9276
SMU86_04216	12502	6537	21771	16144
SMU86_04221	1407	3206	2860	2575
SMU86_04226	18804	15212	34989	27521
SMU86_04231	6838	10038	11388	12250
SMU86_04236	4553	6657	7504	8221
SMU86_04241	7621	6872	11895	12152
SMU86_04246	3206	2867	4896	5087
SMU86_04251	5499	4974	8572	8194
SMU86_04256	7067	10398	11939	11959
SMU86_04261	17554	29086	30514	31853
SMU86_04266	580	482	1267	916
SMU86_04271	1177	799	2318	1654
SMU86_04276	814	605	1712	1235
SMU86_04281	2892	3805	5724	4655
SMU86_04286	988	1478	1963	1680
SMU86_04291	357	347	569	602
SMU86_04296	466	395	758	840
SMU86_04301	1564	2429	2046	3056
SMU86_04306	510	1007	753	1189
SMU86_04311	1016	1905	1398	2145
SMU86_04316	1805	4823	2201	5375
SMU86_04321	246	381	349	470
SMU86_04326	133	95	239	214
SMU86_04331	81	30	162	99
SMU86_04336	2595	2852	4644	5850
SMU86_04341	2845	1997	4388	3637
SMU86_04346	5299	1582	7734	5264
SMU86_04351	310	218	594	378
SMU86_04356	805	54	1290	197
SMU86_04361	1429	157	2165	592
SMU86_04366	1615	231	2667	878
SMU86_04371	274	51	530	185
SMU86_04376	795	1113	1439	1151
SMU86_04381	996	1376	1768	1468
SMU86_04386	1035	1554	1930	1661
SMU86_04391	0	0	0	0
SMU86_04396	0	0	0	0
SMU86_04401	0	0	0	0
SMU86_04406	0	0	0	0
SMU86_04411	0	0	0	0
SMU86_04416	0	0	0	0
SMU86_04421	6886	1811	11440	4097
SMU86_04426	13	8	29	27
SMU86_04431	104	71	151	151
SMU86_04436	296	360	513	459
SMU86_04441	1444	960	2879	1600
SMU86_04446	3810	4830	8238	6384
SMU86_04451	3458	2271	6858	4873
SMU86_04456	7231	14300	14902	13081
SMU86_04461	1391	411	2831	1119
SMU86_04466	598	69	1020	289
SMU86_04471	1253	162	2884	607
SMU86_04476	1312	162	2709	374
SMU86_04481	3928	1525	7654	3288
SMU86_04486	2410	1827	5156	3169
SMU86_04491	4388	3213	8923	5282
SMU86_04496	2762	2161	5333	3489
SMU86_04501	2244	1325	4173	2483
SMU86_04506	6864	3672	12977	7110
SMU86_04511	1670	3452	3160	3266
SMU86_04516	6422	7375	8840	11682
SMU86_04521	2790	2976	3794	5217
SMU86_04526	7663	3990	5766	13415
SMU86_04531	18805	7059	27832	21804
SMU86_04536	4127	1025	6158	4061
SMU86_04541	11696	5027	17128	13283
SMU86_04546	2462	893	3715	2653
SMU86_04551	1224	537	1815	1442
SMU86_04556	12073	26129	20516	23227
SMU86_04561	114	88	222	165
SMU86_04566	798	1165	1889	1507
SMU86_04571	47	44	78	72
SMU86_04576	261	307	502	404
SMU86_04581	607	1196	1185	1295
SMU86_04586	10212	23038	19094	21623
SMU86_04591	3829	9797	7862	9928
SMU86_04596	1084	1298	1985	1848
SMU86_04601	337	311	624	547
SMU86_04606	649	582	1253	1106
SMU86_04611	431	449	814	838
SMU86_04616	1951	3213	4002	3517
SMU86_04621	2799	5193	6045	5040
SMU86_04626	4991	8341	10379	8653
SMU86_04631	3023	4976	6645	5260
SMU86_04636	4051	5742	8976	6579
SMU86_04641	83	74	131	106
SMU86_04646	184	57	265	174
SMU86_04651	261	128	365	304
SMU86_04656	0	0	0	0
SMU86_04661	0	0	0	0
SMU86_04666	0	0	0	0
SMU86_04671	392	474	664	648
SMU86_04676	272	456	501	511
SMU86_04681	2992	6241	5020	6298
SMU86_04686	586	1161	959	1246
SMU86_04691	1938	3563	3223	3967
SMU86_04696	7848	17376	16396	14648
SMU86_04701	16471	28382	33773	28927
SMU86_04706	852	1656	1239	1652
SMU86_04711	1744	2090	2966	3408
SMU86_04716	162	146	327	321
SMU86_04721	225	128	361	352
SMU86_04726	906	459	1450	1363
SMU86_04731	676	397	1178	931
SMU86_04736	2531	1599	3844	3624
SMU86_04741	2098	2404	3853	3407
SMU86_04746	2647	1829	4880	3975
SMU86_04751	5595	11969	10950	12224
SMU86_04756	3785	6406	5419	7875
SMU86_04761	11433	6185	20947	14867
SMU86_04766	6754	4623	10879	10106
SMU86_04771	7338	6761	11493	11440
SMU86_04776	3593	3773	5866	5829
SMU86_04781	6121	7470	10142	10700
SMU86_04786	5455	7144	9966	9324
SMU86_04791	4572	5570	7989	7936
SMU86_04796	3917	4183	6590	6347
SMU86_04801	6637	5528	11174	10008
SMU86_04806	7290	4815	12392	10863
SMU86_04811	8327	5538	13869	11948
SMU86_04816	0	0	0	0
SMU86_04821	0	0	0	0
SMU86_04826	0	0	0	0
SMU86_04831	9233	5938	15372	11848
SMU86_04836	977	673	1552	1343
SMU86_04841	1015	1718	2298	1905
SMU86_04846	2647	2827	2585	7284
SMU86_04851	462	549	661	820
SMU86_04856	1804	263	4403	593
SMU86_04861	2412	4246	4375	4985
SMU86_04866	3614	5807	6127	6886
SMU86_04871	1760	2282	3680	3064
SMU86_04876	851	899	1756	1435
SMU86_04881	764	734	1425	1242
SMU86_04886	15884	25509	26141	29509
SMU86_04891	13666	22994	21611	25403
SMU86_04896	13596	22768	21575	25733
SMU86_04901	1578	2099	2908	2730
SMU86_04906	1343	1669	2355	2068
SMU86_04911	1343	1994	2680	2206
SMU86_04916	778	1355	1701	1376
SMU86_04921	1638	2926	3349	2806
SMU86_04926	1323	2446	3102	2312
SMU86_04931	358	727	762	746
SMU86_04936	1208	2299	2280	2574
SMU86_04941	1084	1859	1960	2077
SMU86_04946	1526	2470	2806	2846
SMU86_04951	4861	10154	9192	10063
SMU86_04956	0	0	0	0
SMU86_04961	2969	1995	5356	2298
SMU86_04966	5748	6679	11455	9076
SMU86_04971	6648	7397	13294	10626
SMU86_04976	1021	1088	2021	1602
SMU86_04981	3101	3238	6100	4912
SMU86_04986	5475	5510	11158	8320
SMU86_04991	3172	1317	6959	3921
SMU86_04996	4684	1793	9116	5140
SMU86_05001	3954	2206	7032	5216
SMU86_05006	945	901	1570	1561
SMU86_05011	5904	8174	9995	10393
SMU86_05016	2056	3994	3371	3811
SMU86_05021	1912	3467	3177	3583
SMU86_05026	3049	4158	5718	5100
SMU86_05031	979	848	1885	1308
SMU86_05036	4786	10991	8604	9984
SMU86_05041	2180	3177	3255	4913
SMU86_05046	3735	4996	5745	8299
SMU86_05051	1552	1350	3156	2304
SMU86_05056	1212	1145	2326	1863
SMU86_05061	483	402	938	727
SMU86_05066	110	87	198	154
SMU86_05071	5974	12187	9419	11791
SMU86_05076	1446	2737	2260	2813
SMU86_05081	3482	6835	5403	6720
SMU86_05086	3790	7203	5931	7409
SMU86_05091	746	993	1254	1436
SMU86_05096	873	1231	1348	1705
SMU86_05101	1593	2677	2880	3366
SMU86_05106	3103	5651	5508	6324
SMU86_05111	1652	3027	2947	3172
SMU86_05116	105	55	333	167
SMU86_05121	141	59	362	173
SMU86_05126	374	157	1005	519
SMU86_05131	282	278	457	464
SMU86_05136	4833	7207	7601	9110
SMU86_05141	3010	3915	4956	5164
SMU86_05146	2624	3362	4499	4577
SMU86_05151	1786	2086	3188	3245
SMU86_05156	5482	7465	9906	9777
SMU86_05161	945	1577	1720	1529
SMU86_05166	481	667	906	798
SMU86_05171	959	891	1551	1585
SMU86_05176	925	843	1498	1445
SMU86_05181	592	556	930	971
SMU86_05186	1193	1002	1812	1884
SMU86_05191	732	548	1177	1099
SMU86_05196	179	130	306	222
SMU86_05201	347	890	627	792
SMU86_05206	53	116	108	129
SMU86_05211	168	259	258	279
SMU86_05216	395	785	717	897
SMU86_05221	546	1005	1156	1232
SMU86_05226	93	158	139	185
SMU86_05231	209	302	333	403
SMU86_05236	185	249	289	366
SMU86_05241	95	133	147	153
SMU86_05246	40	81	91	118
SMU86_05251	1	0	2	0
SMU86_05256	211	89	371	231
SMU86_05261	323	492	584	561
SMU86_05266	7930	8352	11596	13042
SMU86_05271	529	565	792	743
SMU86_05276	2653	4730	4851	5033
SMU86_05281	2175	3274	3704	3906
SMU86_05286	3386	4981	6103	6176
SMU86_05291	2077	3156	3880	3811
SMU86_05296	3132	5856	5484	5926
SMU86_05301	4147	7821	7257	8116
SMU86_05306	981	1525	1684	2060
SMU86_05311	0	0	0	0
SMU86_05316	0	0	0	0
SMU86_05321	0	0	0	0
SMU86_05326	237	334	554	495
SMU86_05331	5045	6991	9717	8623
SMU86_05336	2202	3272	3608	4036
SMU86_05341	948	1607	1610	1841
SMU86_05346	251	435	412	533
SMU86_05351	386	806	616	808
SMU86_05356	876	1335	1369	1682
SMU86_05361	616	838	951	1201
SMU86_05366	600	820	924	1148
SMU86_05371	303	365	522	588
SMU86_05376	357	469	622	732
SMU86_05381	372	499	694	806
SMU86_05386	624	735	1005	1201
SMU86_05391	495	558	794	940
SMU86_00655	1661	3431	3033	3293
SMU86_00660	1124	1748	2334	2008
SMU86_00665	1292	2170	2695	2429
SMU86_00670	2637	5274	5767	5180
SMU86_00675	2619	3072	5668	4258
SMU86_00680	3106	3268	6911	4996
SMU86_00685	1740	1870	4177	2743
SMU86_00690	2095	2562	5405	3564
SMU86_00695	904	1145	2005	1475
SMU86_00700	79	141	217	148
SMU86_00705	637	942	1164	1139
SMU86_00710	493	631	932	962
SMU86_00715	8706	10782	15452	14835
SMU86_00720	10609	8735	18671	16048
SMU86_00725	2664	2739	4750	4391
SMU86_00730	8627	8938	14995	14812
SMU86_00735	11265	14388	20867	19697
SMU86_00740	899	930	1570	1390
SMU86_00745	3428	3677	4331	7846
SMU86_00750	7923	11882	16078	13982
SMU86_00755	1112	1919	2131	2047
SMU86_00760	1	1	4	9
SMU86_00765	0	0	0	0
SMU86_00770	0	0	0	0
SMU86_00775	570	938	1058	1022
SMU86_00780	1877	3308	3565	3694
SMU86_00785	769	1216	1124	1435
SMU86_00790	420	592	613	843
SMU86_00795	1850	2444	2323	4021
SMU86_00800	1355	1844	1798	3033
SMU86_00805	251	142	375	379
SMU86_00810	355	206	514	581
SMU86_00815	473	239	708	789
SMU86_00820	1355	2340	2083	2480
SMU86_00825	4301	8509	8251	8304
SMU86_00830	3889	7296	7436	7140
SMU86_00835	1072	817	1677	1567
SMU86_00840	3112	1978	4867	4067
SMU86_00845	2622	1204	4119	3405
SMU86_00850	3077	1361	4864	4081
SMU86_00855	2131	1105	3403	3124
SMU86_00860	1632	1080	2541	2595
SMU86_00865	2638	2235	4170	4135
SMU86_00870	4652	3691	7197	7191
SMU86_00875	3705	3340	6034	5996
SMU86_00880	2246	2397	3789	3604
SMU86_00885	2114	3339	4233	3900
SMU86_00890	3130	6377	7419	6403
SMU86_00895	1959	3722	4639	3939
SMU86_00900	839	1150	1872	1342
SMU86_00905	118	78	187	171
SMU86_00910	3611	5162	5629	6371
SMU86_00915	3187	787	5437	2422
SMU86_00920	9378	1837	16133	5603
SMU86_00925	1718	674	2838	1389
SMU86_00930	6762	6029	11115	8454
SMU86_00935	3122	1311	5138	3045
SMU86_00940	6240	4722	11268	8247
SMU86_00945	13926	22706	15940	22376
SMU86_00950	17828	26423	20521	29630
SMU86_00955	26179	33108	28334	41409
SMU86_00960	11300	13928	12176	18219
SMU86_00965	10142	12656	11071	16555
SMU86_00970	22964	27612	25305	36430
SMU86_00975	14154	14624	15226	22194
SMU86_00980	16920	17359	18357	25890
SMU86_00985	18126	17195	19521	26795
SMU86_00990	6176	4963	9534	11274
SMU86_00995	14126	16423	17241	23437
SMU86_01000	8668	11413	10621	13965
SMU86_01005	6948	13032	11327	12632
SMU86_01010	894	692	1524	1228
SMU86_01015	2874	3893	5355	4899
SMU86_05396	177	238	685	1800
SMU86_05401	280	402	1259	3057
SMU86_05406	1086	1343	2696	3598
SMU86_05411	1357	1786	3334	4063
SMU86_05416	1914	2529	4605	5283
SMU86_05421	585	549	412	1694
SMU86_05426	68	62	137	129
SMU86_05431	86	121	179	170
SMU86_05436	62	94	155	185
SMU86_05441	56	102	141	163
SMU86_05446	57	101	138	122
SMU86_05451	56	78	102	135
SMU86_05456	1801	2228	3062	3021
SMU86_05461	2034	2954	3427	3505
SMU86_05466	1625	2558	2786	2891
SMU86_05471	2737	4229	6661	5606
SMU86_05476	4001	4598	8782	6923
SMU86_05481	3408	4768	8194	5949
SMU86_05486	2857	3579	6714	4607
SMU86_05491	1004	1012	2182	1756
SMU86_05496	1178	1513	2385	2188
SMU86_05501	3600	4727	8169	6610
SMU86_05506	2075	2465	4211	3584
SMU86_05511	11660	18114	25591	23158
SMU86_05516	4803	7661	10350	9392
SMU86_05531	1522	2273	3375	2957
SMU86_05536	559	544	1057	925
SMU86_05541	429	798	697	814
SMU86_05546	298	607	493	553
SMU86_05551	3948	6129	6701	8606
SMU86_05556	28443	70705	45235	63382
SMU86_05561	20379	51080	32735	46135
SMU86_05566	1397	2581	2194	2693
SMU86_05571	2375	4679	3957	4819
SMU86_05576	688	741	1128	1058
SMU86_05581	0	0	0	0
SMU86_05586	0	0	0	0
SMU86_05591	0	0	0	0
SMU86_05596	0	0	0	0
SMU86_05601	0	0	0	0
SMU86_05606	0	0	0	0
SMU86_05611	0	0	0	0
SMU86_05616	0	0	0	0
SMU86_05621	0	0	0	0
SMU86_05626	0	0	0	0
SMU86_05631	1	3	6	4
SMU86_05636	507	377	889	674
SMU86_05641	191	128	349	231
SMU86_05646	0	0	0	0
SMU86_05651	0	0	0	0
SMU86_05656	0	0	0	0
SMU86_05661	0	0	0	0
SMU86_05666	0	0	0	0
SMU86_05671	0	0	0	0
SMU86_05676	0	0	0	0
SMU86_05681	0	0	0	0
SMU86_05686	0	0	0	0
SMU86_05691	0	0	0	0
SMU86_05696	0	0	0	0
SMU86_05701	238	523	378	442
SMU86_05706	168	168	326	206
SMU86_05711	986	1465	2190	1758
SMU86_05716	0	0	0	0
SMU86_05721	97	96	244	159
SMU86_05726	314	293	654	497
SMU86_05731	402	388	912	651
SMU86_05736	240	159	509	311
SMU86_05741	1001	1348	2258	1805
SMU86_05746	171	190	386	272
SMU86_05751	75	119	136	121
SMU86_05756	1465	2230	2811	2589
SMU86_05761	4139	5871	7625	7279
SMU86_05766	1356	1265	2988	2089
SMU86_05771	1742	2250	4137	3056
SMU86_05776	3379	6756	7377	6438
SMU86_05781	76719	119393	143160	139095
SMU86_05786	335	171	444	537
SMU86_05791	2202	1411	3622	3287
SMU86_05798	84	46	3012	4668
SMU86_05803	5557	12090	16641	18442
SMU86_05808	10831	16650	19250	17203
SMU86_05813	3635	4911	6657	5908
SMU86_05818	2689	4064	4917	4469
SMU86_05823	5323	8692	10089	9127
SMU86_05828	1986	3313	3697	3254
SMU86_05833	505	762	792	771
SMU86_05838	419	621	726	673
SMU86_05843	874	540	1235	1149
SMU86_05848	527	245	672	582
SMU86_05853	1320	2505	2375	2356
SMU86_05858	2083	4002	3400	3608
SMU86_05863	922	1804	1699	1731
SMU86_05868	652	1271	1163	1225
SMU86_05873	236	545	444	493
SMU86_05878	14728	30599	22763	30310
SMU86_05883	7780	17034	12020	16183
SMU86_05888	560	936	975	1134
SMU86_05893	845	1550	1538	1480
SMU86_05898	2098	3999	3829	4044
SMU86_05903	2779	4922	4680	5329
SMU86_05908	4429	8324	8028	8679
SMU86_05913	3017	5067	5077	6573
SMU86_05918	3021	4671	5781	4751
SMU86_05923	2641	3252	3072	2868
SMU86_05928	2333	2920	2655	2816
SMU86_05933	149	134	323	237
SMU86_05938	189	187	431	260
SMU86_05943	663	466	1355	918
SMU86_05948	104	184	182	186
SMU86_05953	0	0	0	0
SMU86_05958	0	0	0	0
SMU86_05973	0	0	0	0
SMU86_05978	0	0	0	0
SMU86_05983	0	0	0	0
SMU86_05988	0	0	0	0
SMU86_05993	0	0	0	0
SMU86_05998	0	0	0	0
SMU86_06003	640	694	952	1042
SMU86_06008	1117	887	2016	1655
SMU86_06013	1677	829	3066	2118
SMU86_06018	1879	1072	3740	2443
SMU86_06023	3027	2437	5843	4384
SMU86_06028	1998	3866	3284	3649
SMU86_06033	7097	8107	14825	11997
SMU86_06038	7607	9463	15686	13068
SMU86_06043	1971	2420	3977	3263
SMU86_06048	8	5	5	5
SMU86_06053	9634	14863	20348	17107
SMU86_06058	2197	3703	4612	3895
SMU86_06063	1897	2697	3891	3278
SMU86_06068	12366	18589	26259	21848
SMU86_06073	8361	11151	18015	14309
SMU86_06078	4532	5085	9722	7579
SMU86_06083	4772	5198	10954	7840
SMU86_06088	1775	3725	3444	3973
SMU86_06093	2844	5067	5530	5533
SMU86_06098	5842	12677	10764	11555
SMU86_06103	3711	2871	2758	10316
SMU86_06108	10661	8139	7384	29746
SMU86_06113	463	472	973	849
SMU86_06118	597	592	1406	1165
SMU86_06123	1992	3817	3792	3484
SMU86_06128	98	75	183	106
SMU86_06133	1551	2348	2590	2393
SMU86_06138	5348	9170	8566	9554
SMU86_06143	1805	2745	2737	3351
SMU86_06148	9880	8867	21014	13355
SMU86_06153	4484	5303	7500	7385
SMU86_06158	3102	3200	5235	5329
SMU86_06163	3417	3730	5683	5883
SMU86_06168	5170	6506	8935	9170
SMU86_06173	6304	8993	11065	11223
SMU86_06178	5720	8171	9982	10263
SMU86_06183	2246	3531	4087	4179
SMU86_06188	423	694	825	790
SMU86_06193	2762	3632	4766	4581
SMU86_06198	1090	1456	1918	1940
SMU86_06203	1822	2244	3289	3161
SMU86_06208	4524	6164	8308	7797
SMU86_06213	2388	4314	3881	4416
SMU86_06218	0	0	0	0
SMU86_06223	0	0	0	0
SMU86_06228	0	0	0	0
SMU86_06233	0	0	0	0
SMU86_06238	0	0	0	0
SMU86_06243	0	0	0	0
SMU86_06248	0	0	0	0
SMU86_06253	0	0	0	0
SMU86_06258	0	0	0	0
SMU86_06263	0	0	0	0
SMU86_06268	0	0	0	0
SMU86_06273	0	0	0	0
SMU86_06278	0	0	0	0
SMU86_06283	0	0	0	0
SMU86_06288	0	0	0	0
SMU86_06293	0	0	0	0
SMU86_06298	2312	4607	4703	4487
SMU86_06303	39	13	74	49
SMU86_06308	105	22	213	97
SMU86_06313	681	701	1319	1045
SMU86_06318	591	662	1257	954
SMU86_06323	581	706	1187	957
SMU86_06328	1042	1250	1959	1803
SMU86_06333	266	342	508	467
SMU86_06338	16	101	42	64
SMU86_06343	3009	16258	7962	11546
SMU86_06348	1175	2473	2245	2576
SMU86_06353	1289	1923	2454	3342
SMU86_06358	2140	3529	3120	5178
SMU86_06363	153	306	265	312
SMU86_06368	374	743	709	708
SMU86_06373	319	521	584	544
SMU86_06378	184	304	375	386
SMU86_06383	403	798	875	867
SMU86_06388	120	100	216	158
SMU86_06393	1215	1865	2834	2061
SMU86_06398	281	253	503	428
SMU86_06403	200	130	193	308
SMU86_06408	2401	1123	1601	4658
SMU86_06413	5214	2427	3075	10713
SMU86_06418	8602	4454	5353	19094
SMU86_06423	0	0	0	0
SMU86_06428	103	132	184	204
SMU86_01020	5634	9901	11561	9029
SMU86_01025	11003	22546	19459	22877
SMU86_01030	41594	86603	73247	89088
SMU86_01035	17160	28667	25674	37457
SMU86_01040	247	236	390	415
SMU86_01045	486	434	791	851
SMU86_01050	447	328	669	725
SMU86_01055	195	85	238	221
SMU86_01060	280	127	402	396
SMU86_01065	9034	7124	15920	13697
SMU86_01070	3107	2351	5626	4530
SMU86_01075	3786	5449	6528	6542
SMU86_01080	2812	3120	5027	4845
SMU86_01085	1476	1295	2689	2248
SMU86_01090	3315	2925	6017	5071
SMU86_01095	3885	4234	7650	6227
SMU86_01100	9241	13323	14459	15335
SMU86_01105	6108	9133	9715	10234
SMU86_01110	8528	13215	13020	15187
SMU86_01115	1653	1525	2826	2747
SMU86_01120	1000	940	1587	1682
SMU86_01125	1240	1417	2099	2222
SMU86_01130	1500	1830	2445	2581
SMU86_01135	379	223	726	574
SMU86_01140	62	25	78	65
SMU86_01145	210	157	354	266
SMU86_01150	4221	6154	7660	8081
SMU86_01155	1161	2543	2141	2230
SMU86_01160	845	1727	1604	1514
SMU86_01165	10705	10038	18808	16889
SMU86_01170	6521	8612	12805	11467
SMU86_01175	119874	257656	187365	261053
SMU86_01180	0	0	0	0
SMU86_01185	0	0	0	0
SMU86_01190	0	0	0	0
SMU86_01195	0	0	0	0
SMU86_01200	0	0	0	0
SMU86_01205	0	0	0	0
SMU86_01210	13537	32340	22055	27825
SMU86_01215	4076	2798	7451	5414
SMU86_01220	3849	1942	7434	4843
SMU86_01225	1805	1027	3612	2277
SMU86_01230	1057	1371	2545	1739
SMU86_01235	2886	3265	5072	4985
SMU86_01240	1863	1643	3382	3326
SMU86_01245	14725	28051	25182	29594
SMU86_01250	443	364	854	750
SMU86_01255	923	951	1765	1707
SMU86_06433	9284	11982	15951	16898
SMU86_06438	7035	9296	12098	13307
SMU86_06443	1427	1616	2576	2642
SMU86_06448	2844	3941	4815	5363
SMU86_06453	3453	5574	6249	6151
SMU86_06458	4386	6603	8176	7998
SMU86_06463	2643	4349	5479	4559
SMU86_06468	86	134	145	138
SMU86_06473	4923	11490	8827	10446
SMU86_06478	2360	4331	4239	4237
SMU86_06483	2304	4006	4478	4003
SMU86_06488	574	1031	1086	970
SMU86_06493	1392	2014	2623	2411
SMU86_06498	5283	7627	9591	9030
SMU86_06503	2122	2969	4073	3633
SMU86_06516	13471	14607	22232	17896
SMU86_06521	6291	2890	10614	5081
SMU86_06526	1232	956	2067	1469
SMU86_06531	0	0	0	0
SMU86_06536	0	0	0	0
SMU86_06541	0	0	0	0
SMU86_06546	0	0	0	0
SMU86_06551	0	0	0	0
SMU86_06556	911	1442	1798	1853
SMU86_06561	9243	21000	15731	19834
SMU86_06566	493	864	855	1035
SMU86_06571	2845	4901	5073	5098
SMU86_06576	54	107	86	98
SMU86_06581	1483	2285	2942	2751
SMU86_06586	9449	16038	18296	17562
SMU86_06591	13929	26820	21699	26988
SMU86_06596	5931	11123	9239	11297
SMU86_06601	15439	34600	23490	31590
SMU86_06606	0	1	2	2
SMU86_06611	3331	5794	5803	6751
SMU86_06616	5655	11236	11577	11821
SMU86_06621	636	687	1276	1261
SMU86_06626	344	324	579	538
SMU86_06631	200	181	287	322
SMU86_06636	82	46	144	98
SMU86_06641	19	24	39	26
SMU86_06646	1381	2268	2072	2532
SMU86_06651	2435	3910	3829	4625
SMU86_06656	2359	3673	3952	4266
SMU86_06661	1523	2089	2380	2653
SMU86_06666	5709	7618	11157	9679
SMU86_06671	6845	11035	13199	12239
SMU86_06676	4969	5381	7136	10587
SMU86_06681	10287	11281	14530	22421
SMU86_06686	11892	12328	15902	24732
SMU86_06691	3722	3763	5124	7902
SMU86_06696	10839	11678	14257	22654
SMU86_06701	1007	1478	1558	1857
SMU86_06706	0	0	0	0
SMU86_06711	0	0	0	0
SMU86_06716	0	0	0	0
SMU86_06721	0	0	0	0
SMU86_06726	0	0	0	0
SMU86_06731	411	113	713	377
SMU86_06736	313	202	604	349
SMU86_06741	371	197	622	322
SMU86_06746	292	260	653	369
SMU86_06751	250	323	494	418
SMU86_06756	288	99	547	181
SMU86_06761	585	126	892	233
SMU86_06766	556	311	956	483
SMU86_06771	2195	4451	3785	4050
SMU86_06776	5462	6322	10077	9297
SMU86_06781	5091	6721	9257	8991
SMU86_06786	6354	10728	10963	11964
SMU86_06791	3998	5359	6973	6557
SMU86_06796	1247	1539	2139	2181
SMU86_06801	2699	3053	4755	4315
SMU86_06806	3070	3587	5112	5059
SMU86_06811	3254	3805	5568	5172
SMU86_06816	2939	3161	5153	4720
SMU86_06821	454	474	829	807
SMU86_06826	63	63	119	80
SMU86_06831	622	939	1015	1074
SMU86_06836	481	769	736	803
SMU86_06841	98	183	200	225
SMU86_06846	174	306	269	337
SMU86_06851	51	90	77	95
SMU86_06856	13	9	19	21
SMU86_06861	0	0	0	0
SMU86_06866	0	0	0	0
SMU86_06871	0	0	0	0
SMU86_06876	0	0	0	0
SMU86_06881	0	0	0	0
SMU86_06886	0	0	0	0
SMU86_06891	0	0	0	0
SMU86_06896	48	64	62	70
SMU86_06901	1390	1573	2166	2301
SMU86_06906	669	915	1218	1340
SMU86_06911	3216	3225	5265	4344
SMU86_06916	22952	16043	34401	23666
SMU86_06921	3184	1273	4588	2765
SMU86_06926	3239	1703	4929	3310
SMU86_06931	9140	7443	13658	11332
SMU86_06936	2630	2600	4117	3779
SMU86_06941	3135	5347	6225	5908
SMU86_06946	4168	6471	7764	7012
SMU86_06951	4124	5854	7922	7005
SMU86_06956	2734	4165	5115	4937
SMU86_06961	1715	2417	3207	2916
SMU86_06966	1209	1305	2262	1894
SMU86_06971	7392	11455	14527	12235
SMU86_06976	1377	1961	2948	2346
SMU86_06981	3271	5324	7217	5771
SMU86_06986	5221	12176	8630	10280
SMU86_06991	431	741	820	880
SMU86_06996	747	1351	1463	1481
SMU86_01260	0	0	0	0
SMU86_01265	4582	5646	8682	7653
SMU86_01270	19752	21393	36632	31394
SMU86_01275	7273	9304	13379	11839
SMU86_01280	6053	9404	11303	10615
SMU86_01285	2905	4737	5168	4922
SMU86_01290	1478	541	2629	1552
SMU86_01295	1501	828	2882	1895
SMU86_01300	735	1349	1314	1448
SMU86_01305	817	700	1515	1330
SMU86_01310	7178	14483	15719	14039
SMU86_01315	1534	3084	3541	2909
SMU86_01320	487	920	1186	946
SMU86_01325	457	615	694	639
SMU86_01330	328	391	574	466
SMU86_01335	1025	1735	1852	1696
SMU86_01340	1042	2044	1949	1862
SMU86_01345	424	804	821	806
SMU86_01350	12348	29497	19501	28939
SMU86_01355	1276	2487	2396	2643
SMU86_01360	3344	4366	4909	6322
SMU86_01365	1082	1245	1470	1937
SMU86_01370	23272	38971	45003	42013
SMU86_01375	312	440	694	559
SMU86_01380	22185	40493	29550	45695
SMU86_01385	15094	25915	20751	30923
SMU86_01390	14028	26207	29981	30108
SMU86_01395	1838	3208	3358	3537
SMU86_01400	4704	3492	7498	7203
SMU86_01405	27807	53875	50770	52342
SMU86_01410	25735	47989	44415	49129
SMU86_01415	1267	2075	2199	2400
SMU86_01420	8089	14483	14147	15906
SMU86_01425	5064	6160	7513	7870
SMU86_01430	3003	997	7970	1862
SMU86_01435	18841	27336	32800	33159
SMU86_01440	40586	55591	64315	69849
SMU86_01445	5540	7410	8519	9927
SMU86_01450	0	0	0	0
SMU86_01455	0	0	0	0
SMU86_01460	7455	8615	11824	12381
SMU86_01465	20447	22898	31564	33976
SMU86_01470	41708	45662	65249	68165
SMU86_01475	28005	28484	43372	44768
SMU86_01480	12901	11321	19162	19830
SMU86_01485	18789	16289	28266	28209
SMU86_01490	20569	17500	30750	31772
SMU86_01495	22171	18210	33825	33305
SMU86_01500	29358	27261	44097	47133
SMU86_01505	18303	18976	28665	29921
SMU86_01510	34433	35126	51556	55551
SMU86_01515	36141	42740	55447	61026
SMU86_01520	21316	29235	33210	37791
SMU86_01525	33332	47740	52529	60385
SMU86_01530	15428	22978	24091	28836
SMU86_01535	22371	36618	35279	42893
SMU86_01540	62180	103636	96688	121252
SMU86_01545	5499	5856	9299	8442
SMU86_01550	16892	16926	26488	25651
SMU86_01555	14627	14983	23643	22400
SMU86_01560	23898	25811	37302	37707
SMU86_01565	17789	20250	26051	28179
SMU86_01570	45135	57143	69749	72505
SMU86_01575	18215	24038	28175	30077
SMU86_01580	2997	1446	4794	3361
SMU86_07003	805	652	1278	1461
SMU86_07008	3918	4579	6724	6899
SMU86_07013	5112	3765	9013	8282
SMU86_07018	134	73	268	195
SMU86_07023	32	20	58	57
SMU86_07028	154	62	224	196
SMU86_07033	3183	1412	4722	4524
SMU86_07038	2887	1401	4272	4419
SMU86_07043	3081	2186	4409	4850
SMU86_07048	2698	2638	4055	4840
SMU86_07053	1496	2516	2293	2799
SMU86_07058	1981	3313	3056	3835
SMU86_07063	863	1267	1204	1591
SMU86_07068	784	1122	1170	1948
SMU86_07073	5224	10775	8344	10205
SMU86_07078	5452	9722	8258	10284
SMU86_07083	186	313	325	348
SMU86_07088	3825	3240	6748	5704
SMU86_07093	15357	8868	30132	20134
SMU86_07098	219	89	288	176
SMU86_07103	1077	1382	1735	1727
SMU86_07108	674	622	1439	1020
SMU86_07113	553	430	927	831
SMU86_07118	3153	5426	6326	5660
SMU86_07123	548	267	1125	815
SMU86_07128	550	293	1058	817
SMU86_07133	13889	15473	21939	27326
SMU86_07138	6489	9369	10072	13681
SMU86_07143	9009	13696	13627	18295
SMU86_07148	8411	13951	12776	17171
SMU86_07153	8827	15174	13078	17402
SMU86_07158	4124	6605	6462	8011
SMU86_07163	1496	1661	2850	2403
SMU86_07168	2646	2635	4980	4240
SMU86_07173	2704	2956	4929	4425
SMU86_07178	1506	1906	2959	2617
SMU86_07183	2427	3428	4894	4297
SMU86_07188	4502	9963	16329	5964
SMU86_07193	2010	4004	7608	2659
SMU86_07198	8749	16708	21820	14354
SMU86_07203	1732	3281	4389	2806
SMU86_07208	5166	9575	12597	8469
SMU86_07213	10056	20391	25953	16868
SMU86_07218	4655	10133	11804	7774
SMU86_07223	2695	5803	6463	4566
SMU86_07228	1089	1510	1295	2851
SMU86_07233	2419	3178	3183	6020
SMU86_07238	146	170	185	233
SMU86_07243	940	1799	1353	1862
SMU86_07248	1154	2000	1656	2377
SMU86_07253	2295	2056	3465	4781
SMU86_07258	2246	280	3749	652
SMU86_07263	433	107	632	216
SMU86_07268	727	198	1245	443
SMU86_07273	7871	8126	14392	15521
SMU86_07278	356	389	538	709
SMU86_07283	7463	11644	12283	13973
SMU86_07288	500	711	886	851
SMU86_07293	1695	2233	2893	2815
SMU86_07298	6210	7799	10986	10243
SMU86_07303	2191	2531	3920	3727
SMU86_07308	1455	1525	2396	2298
SMU86_07313	2775	4025	5272	4859
SMU86_07318	838	738	1541	1316
SMU86_07323	5584	10574	10242	11336
SMU86_07328	410	697	668	842
SMU86_07333	27686	59101	52601	53472
SMU86_07338	36487	77786	69472	71105
SMU86_07343	6647	12097	11759	12552
SMU86_07348	1045	1229	1942	1730
SMU86_07353	24531	31143	44027	41524
SMU86_07358	3527	6212	6745	6851
SMU86_07363	3116	4943	5487	5710
SMU86_07368	2129	3577	3455	4283
SMU86_07373	2137	2692	3618	3662
SMU86_07378	1919	2550	3041	3327
SMU86_07383	5052	9456	9016	9448
SMU86_07388	5657	9449	9678	10153
SMU86_07393	6121	7798	10313	9816
SMU86_07398	1613	1154	2751	2201
SMU86_07403	1950	1888	3029	3181
SMU86_07408	3934	4130	6236	7132
SMU86_07413	9341	11148	15054	17982
SMU86_07418	448	583	753	914
SMU86_07423	2456	3834	4523	4264
SMU86_07428	1540	2181	2480	2167
SMU86_07433	725	653	1257	1012
SMU86_07438	1510	822	2633	1706
SMU86_07443	1687	847	3223	1909
SMU86_07448	6751	12977	20325	10049
SMU86_07453	19278	34073	55918	27082
SMU86_07458	6169	8258	18074	7682
SMU86_07463	1970	2489	5796	2234
SMU86_07468	12070	2841	33582	6244
SMU86_07473	1629	445	4560	852
SMU86_07478	20523	6862	60438	16360
SMU86_07483	265	89	391	251
SMU86_07488	1104	1088	1762	1652
SMU86_07493	1013	930	1643	1425
SMU86_07498	304	126	477	397
SMU86_07503	3537	2670	5490	5105
SMU86_07508	0	0	0	0
SMU86_07513	0	0	0	0
SMU86_07518	0	0	0	0
SMU86_07523	0	0	0	0
SMU86_07528	0	0	0	0
SMU86_07533	689	812	1251	1162
SMU86_07538	733	788	1386	1262
SMU86_07543	2168	2288	3811	3508
SMU86_07548	509	231	861	525
SMU86_07553	3673	1758	8007	5900
SMU86_07558	1392	795	3250	2245
SMU86_07565	89	206	255	196
SMU86_07570	1401	1958	2542	2208
SMU86_07575	7982	12743	13788	14370
SMU86_07580	3893	6300	5992	7029
SMU86_07585	4488	7431	6871	8092
SMU86_07590	5527	9606	8969	10223
SMU86_07595	5246	9355	8360	9691
SMU86_07600	836	954	987	1958
SMU86_07605	6099	9098	10847	10373
SMU86_07610	5417	8130	9386	9280
SMU86_07615	894	1876	1953	1644
SMU86_07620	473	911	1006	854
SMU86_07625	2007	4168	4663	3793
SMU86_07630	838	1462	1662	1383
SMU86_07635	612	1166	1270	1121
SMU86_07640	714	1388	1419	1303
SMU86_07645	0	0	0	0
SMU86_07650	0	0	0	0
SMU86_07655	0	0	0	0
SMU86_07660	0	0	0	0
SMU86_07665	0	0	0	0
SMU86_07670	2590	2145	6800	3454
SMU86_07675	2779	2791	7566	4068
SMU86_07680	4691	4945	12579	7281
SMU86_07685	4067	4436	10475	6447
SMU86_07690	4941	5918	13476	8378
SMU86_07695	4620	6819	10151	8350
SMU86_07700	859	1130	1837	1503
SMU86_07705	1929	3708	4174	3953
SMU86_07710	5279	7786	9468	8582
SMU86_07715	1653	2350	2893	2666
SMU86_07730	238	18	474	57
SMU86_07735	946	1978	1914	2118
SMU86_07740	1087	2240	2157	2645
SMU86_07745	201	433	498	491
SMU86_07750	110	84	186	174
SMU86_07755	242	214	493	480
SMU86_07760	41	26	97	75
SMU86_07765	75	38	131	113
SMU86_07770	203	146	338	278
SMU86_07775	1147	647	1670	1655
SMU86_07780	1656	2583	2761	3440
SMU86_07785	757	1408	1315	1343
SMU86_07790	6338	10943	9571	13563
SMU86_07795	2151	2954	3370	4137
SMU86_07800	6889	11187	12885	12676
SMU86_07805	9389	13992	17307	16844
SMU86_07810	1673	2995	3184	3273
SMU86_07815	6032	11315	11638	12167
SMU86_07820	254	299	496	389
SMU86_07825	144	167	284	309
SMU86_07830	1016	1794	2284	1945
SMU86_07835	7331	13454	16057	13480
SMU86_07840	411	627	725	731
SMU86_07845	1273	2503	2422	2490
SMU86_07850	0	0	0	0
SMU86_07855	0	0	0	0
SMU86_07860	0	0	0	0
SMU86_07865	0	0	0	0
SMU86_07870	0	0	0	0
SMU86_07875	0	0	0	0
SMU86_07880	132	265	359	217
SMU86_07885	867	1516	2186	1416
SMU86_07890	398	648	1011	612
SMU86_07895	8985	20735	24223	16986
SMU86_07900	7533	13686	13918	13981
SMU86_07905	151	159	279	273
SMU86_07910	3022	4593	6087	5503
SMU86_07915	4491	6877	8454	7745
SMU86_07920	4169	6233	7948	6761
SMU86_07925	1113	414	2259	1078
SMU86_07930	1446	399	3096	1288
SMU86_07935	4253	3432	8235	5806
SMU86_07940	2309	1422	4510	3570
SMU86_07945	7662	4682	15135	11280
SMU86_07950	9322	3873	16204	12113
SMU86_07955	3433	2353	6805	4856
SMU86_07960	2149	1633	4487	3231
SMU86_07965	2314	1495	4780	3073
SMU86_07970	3192	1224	6786	3560
SMU86_07975	518	916	1184	990
SMU86_07980	6470	10631	14703	11559
SMU86_07985	1338	1307	3120	2033
SMU86_07990	1286	811	2928	1641
SMU86_07995	43	21	112	31
SMU86_08000	41	21	121	33
SMU86_08005	689	639	1317	1068
SMU86_08010	4188	5955	8185	6853
SMU86_08015	1938	1100	3414	2625
SMU86_08020	4883	3739	8617	7068
SMU86_08025	4163	4388	7568	6514
SMU86_08030	507	205	695	889
SMU86_08035	1387	1076	2829	1787
SMU86_08040	3128	899	5623	3016
SMU86_08045	3300	1473	6230	3791
SMU86_08050	3194	2376	6219	4152
SMU86_08055	4578	5195	8593	7093
SMU86_08060	1587	1479	2570	1952
SMU86_08065	767	706	1327	1064
SMU86_08070	908	768	1610	1387
SMU86_08075	1123	615	1988	1505
SMU86_08080	1084	453	1687	1319
SMU86_08085	1298	594	2128	1658
SMU86_08090	812	984	1135	1588
SMU86_08095	2060	2643	2912	3984
SMU86_08100	561	529	766	888
SMU86_08115	4	2	3	5
SMU86_08120	1	3	4	4
SMU86_08125	2	1	5	12
SMU86_08130	360	97	497	252
SMU86_08135	141	18	199	53
SMU86_08140	97	28	138	77
SMU86_08145	123	49	185	118
SMU86_08150	342	349	6868	12504
SMU86_08155	101	58	2404	3930
SMU86_08160	301	144	6531	10718
SMU86_08165	0	0	0	0
SMU86_08170	0	0	0	0
SMU86_08175	19	14	45	26
SMU86_08180	133	100	298	168
SMU86_08185	946	2255	2019	1897
SMU86_08190	4035	4484	7272	6502
SMU86_08195	5480	5755	9887	8708
SMU86_01589	75	52	209	122
SMU86_01594	22	22	71	39
SMU86_01599	73	55	197	89
SMU86_01604	3251	3727	5300	5327
SMU86_01609	248	187	375	370
SMU86_01614	336	231	506	487
SMU86_01619	24	5	32	23
SMU86_01624	38	15	61	36
SMU86_01629	936	310	1552	829
SMU86_01634	631	182	1125	572
SMU86_01639	544	151	983	569
SMU86_01644	556	126	865	513
SMU86_01649	630	158	1043	714
SMU86_01654	476	237	867	585
SMU86_01659	439	260	766	544
SMU86_01664	1444	1871	2482	2305
SMU86_01669	12146	21090	21017	22770
SMU86_01674	2630	6399	5581	4876
SMU86_01679	6069	14195	13871	10557
SMU86_01684	17928	36713	41646	31389
SMU86_01689	25246	64181	64550	45856
SMU86_01694	4054	11276	11248	7501
SMU86_01699	493	784	999	834
SMU86_01704	12864	26944	23050	24157
SMU86_01709	104869	235519	168854	229860
SMU86_01714	72771	135312	114591	140248
SMU86_01719	22279	42512	36038	42749
SMU86_01724	26594	50749	40875	46623
SMU86_01729	916	1058	1749	1460
SMU86_01734	3014	2677	5352	4051
SMU86_01739	4097	2380	7500	5228
SMU86_01744	2507	1913	4637	3546
SMU86_01749	2873	2773	5010	4378
SMU86_01754	2830	2932	4963	4477
SMU86_01759	1452	2585	2474	3115
SMU86_01764	3768	6535	6274	7880
SMU86_01769	1475	2586	2626	3028
SMU86_01774	1187	1993	2118	2121
SMU86_01779	1144	1819	2152	2117
SMU86_01784	1191	1773	2074	1993
SMU86_01789	1347	1995	2452	2166
SMU86_01794	1802	2792	3182	3206
SMU86_01799	1856	2822	3057	3150
SMU86_01804	939	2130	1520	2008
SMU86_01809	4849	10282	8665	10025
SMU86_01814	2409	2195	4353	3838
SMU86_01819	4703	3676	8454	7150
SMU86_01824	3635	3559	6316	5605
SMU86_01829	1441	1446	2567	2297
SMU86_01834	1849	3179	2822	3368
SMU86_01839	2343	4337	3336	4187
SMU86_01844	5801	3337	9811	8349
SMU86_01849	2041	2840	3424	3774
SMU86_01854	2193	3112	3723	3960
SMU86_01859	3674	5237	6169	6752
SMU86_01864	4255	5410	7586	8487
SMU86_01869	3196	4318	5479	6492
SMU86_01874	3651	5463	6078	6882
SMU86_01879	999	1549	1618	1854
SMU86_01884	1047	1704	1651	1885
SMU86_01889	82	80	121	154
SMU86_01894	4284	6892	9486	7514
SMU86_01899	5299	8030	11790	9226
SMU86_01904	1744	3000	3530	3383
SMU86_01909	1561	2728	3174	2876
SMU86_01914	5372	11690	9183	10833
SMU86_08200	101	112	221	297
SMU86_08205	1106	4031	1731	4004
SMU86_08210	1445	1347	2613	2300
SMU86_08215	2329	2211	3980	3677
SMU86_08220	1810	2047	2959	2964
SMU86_08225	2163	2558	3609	3586
SMU86_08230	3374	4219	5790	5821
SMU86_08235	2436	2699	4124	3921
SMU86_08240	2705	3997	4450	4701
SMU86_08245	3112	4413	4955	5333
SMU86_08250	5609	8142	8721	9529
SMU86_08255	4110	5387	6639	7258
SMU86_08260	8663	11251	14038	15169
SMU86_08265	7143	11014	11506	13001
SMU86_08270	5608	9220	9195	11191
SMU86_08275	0	0	0	0
SMU86_08280	0	0	0	0
SMU86_08285	0	0	0	0
SMU86_08290	0	0	0	0
SMU86_08295	0	0	0	0
SMU86_08300	0	0	0	0
SMU86_08305	0	0	0	0
SMU86_08310	0	0	0	0
SMU86_08315	0	0	0	0
SMU86_08320	0	0	0	0
SMU86_08325	0	0	0	0
SMU86_08330	0	0	0	0
SMU86_08335	0	0	0	0
SMU86_08340	0	0	0	0
SMU86_08345	0	0	0	0
SMU86_08350	0	0	0	0
SMU86_08355	0	0	0	0
SMU86_08360	0	0	0	0
SMU86_08365	0	0	0	0
SMU86_08370	0	0	0	0
SMU86_08375	0	0	0	0
SMU86_08380	0	0	0	0
SMU86_08385	0	0	0	0
SMU86_08390	0	0	0	0
SMU86_08395	0	0	0	0
SMU86_08400	0	0	0	0
SMU86_08405	0	0	0	0
SMU86_08410	0	0	0	0
SMU86_08415	0	0	0	0
SMU86_08420	0	0	0	0
SMU86_08425	0	0	0	0
SMU86_08430	0	0	0	0
SMU86_08435	0	0	0	0
SMU86_08440	0	0	0	0
SMU86_08445	0	0	0	0
SMU86_08450	0	0	0	0
SMU86_08455	0	0	0	0
SMU86_08460	0	0	0	0
SMU86_08465	21	24	58	45
SMU86_08470	0	0	2	0
SMU86_08475	0	0	0	0
SMU86_08480	0	0	0	0
SMU86_08485	0	0	0	0
SMU86_08490	0	0	0	0
SMU86_08495	772	1637	1569	1580
SMU86_08500	1593	3030	3073	2930
SMU86_08505	644	1026	995	1122
SMU86_08510	1296	2271	2106	2418
SMU86_08515	181	197	289	272
SMU86_08520	329	356	505	460
SMU86_08525	218	221	348	309
SMU86_08530	858	1265	1345	1578
SMU86_08535	6199	9864	10325	12579
SMU86_08540	10236	15331	17370	21229
SMU86_08545	953	1314	1595	1975
SMU86_08550	21437	38548	42447	34090
SMU86_08555	10872	18067	21954	16833
SMU86_08560	12794	23188	26585	20433
SMU86_08565	5185	9586	8385	9512
SMU86_08570	947	226	1285	378
SMU86_08575	891	779	1440	1209
SMU86_08580	1910	1841	2821	2194
SMU86_08585	3558	3159	4893	4916
SMU86_08590	8009	16661	10360	17242
SMU86_08595	10038	21330	12669	20343
SMU86_08600	8711	18228	10780	18235
SMU86_08605	2512	3740	4216	4548
SMU86_08610	3200	2018	6176	4245
SMU86_08615	2031	2669	3664	3402
SMU86_08620	2980	4070	5353	5024
SMU86_08625	2221	1942	3952	3203
SMU86_08630	2747	2741	4835	3978
SMU86_08635	6005	6621	12157	9545
SMU86_08640	3645	4667	6593	8462
SMU86_08645	4023	5974	6942	9214
SMU86_08650	1116	1164	1850	2150
SMU86_08655	114	74	225	145
SMU86_08660	1723	2567	3180	2747
SMU86_08665	20908	40859	34993	42156
SMU86_08670	40766	83224	66067	79102
SMU86_08675	15915	32524	26539	31307
SMU86_08680	870	765	1340	1525
SMU86_08685	2386	2710	5068	3952
SMU86_08690	507	523	923	942
SMU86_08695	1236	1541	2170	2241
SMU86_08700	1065	1380	1812	1974
SMU86_08705	4199	4146	7625	6164
SMU86_08710	6116	8744	12329	10526
SMU86_08715	36217	57055	61114	69029
SMU86_08720	50276	86096	85577	95675
SMU86_08725	479	454	518	1274
SMU86_08730	828	159	1470	740
SMU86_08735	806	128	1223	697
SMU86_08740	291	45	487	287
SMU86_08745	375	68	676	382
SMU86_08750	312	43	504	271
SMU86_08755	340	65	549	378
SMU86_08760	400	85	675	438
SMU86_08765	1594	1281	2510	2461
SMU86_08770	5505	8905	9455	10151
SMU86_08775	2559	2176	4085	4080
SMU86_08780	3027	2935	4949	5257
SMU86_08785	3515	4706	6088	6643
SMU86_08790	1625	838	3304	1883
SMU86_08795	512	191	948	563
SMU86_08800	13765	16548	25183	29687
SMU86_08805	227	265	321	387
SMU86_08810	1161	2658	2265	2340
SMU86_08815	3015	6699	4849	5731
SMU86_08820	3061	6845	5009	5740
SMU86_08825	1734	3585	4061	2557
SMU86_08830	6701	16724	16277	10205
SMU86_08835	584	1669	1488	920
SMU86_08840	176	304	352	373
SMU86_08845	208	383	354	446
SMU86_08850	214	300	307	372
SMU86_08855	10895	22854	16703	27621
SMU86_08860	8830	12864	12177	18513
SMU86_08865	13090	15152	17994	23810
SMU86_08870	2445	4752	4205	4687
SMU86_08875	886	1841	1456	1673
SMU86_08880	574	1001	923	1125
SMU86_08885	6301	14818	9107	12732
SMU86_08890	7971	17595	11057	15876
SMU86_08895	5830	4181	10012	7224
SMU86_08900	4348	2193	7183	5131
SMU86_08905	7507	4091	12775	8854
SMU86_08910	218	422	426	487
SMU86_08915	278	420	415	440
SMU86_08920	364	582	619	653
SMU86_08925	449	797	857	895
SMU86_08930	10100	16645	21972	19171
SMU86_08935	2630	4540	5743	4953
SMU86_08940	901	2121	1503	1809
SMU86_08945	2067	3224	3692	3702
SMU86_08950	1151	1901	1997	2189
SMU86_08955	1200	1591	2053	2133
SMU86_08960	2834	5739	6253	5410
SMU86_08965	2623	5405	5719	5088
SMU86_08970	2525	4992	5610	4846
SMU86_08975	11774	22447	20056	21337
SMU86_08980	678	1844	991	1988
SMU86_08985	631	1370	1362	2172
SMU86_08990	197	253	370	447
SMU86_08995	268	408	470	653
SMU86_09000	330	576	657	868
SMU86_09005	155	311	343	397
SMU86_09010	38	61	89	77
SMU86_09015	108	216	246	252
SMU86_09020	1281	2848	2260	2614
SMU86_09025	5217	9288	7742	10831
SMU86_09030	1366	2170	2128	2665
SMU86_09035	1760	2860	2810	3433
SMU86_09040	9385	4816	16080	8633
SMU86_09045	1122	917	1865	1343
SMU86_09050	4955	5947	7677	8607
SMU86_09055	7107	7842	10441	12175
SMU86_09060	3503	3378	5523	6180
SMU86_09065	4860	7546	8877	8008
SMU86_09070	4932	8362	9034	8339
SMU86_09075	5129	9954	9510	8832
SMU86_09080	4425	9796	8409	7982
SMU86_09085	1696	2625	2821	3274
SMU86_09090	665	1115	1253	1438
SMU86_09095	3846	6275	6690	7656
SMU86_09100	233	320	461	382
SMU86_09105	4537	9049	7808	9311
SMU86_09110	17656	33906	31158	36305
SMU86_09115	11449	19509	20581	22600
SMU86_09120	17778	27113	30998	34391
SMU86_09125	5683	6343	10010	10423
SMU86_09130	5908	6984	10659	10796
SMU86_09135	8541	11758	14152	15703
SMU86_09140	2751	4257	4267	4938
SMU86_09145	4932	8542	8818	10274
SMU86_09150	1997	3412	3857	4265
SMU86_09155	1398	2152	2767	3205
SMU86_09160	1674	2528	3250	3747
SMU86_09165	2949	5140	5376	7005
SMU86_09170	618	1145	1084	1444
SMU86_09175	8495	9043	14458	13504
SMU86_09180	3227	3744	5692	5666
SMU86_09185	4967	6856	8704	9070
SMU86_09190	2638	4561	3556	5337
SMU86_09195	376	690	838	705
SMU86_09200	818	1602	1516	1595
SMU86_09205	1612	3168	3035	2944
SMU86_09210	270	384	473	468
SMU86_09215	271	340	517	440
SMU86_09220	200	261	339	318
SMU86_09225	98	116	145	142
SMU86_09230	77	75	143	115
SMU86_09235	2587	4559	5090	5067
SMU86_09240	2775	5182	5340	5091
SMU86_09245	1523	2140	2678	2532
SMU86_09250	447	502	824	757
SMU86_09255	140	258	263	268
SMU86_09260	973	1301	2055	2070
SMU86_09265	1159	1580	2333	2401
SMU86_09270	3261	5753	6690	7848
SMU86_09275	2725	3465	4606	5342
SMU86_09280	3333	4494	4783	6320
SMU86_09285	1418	2162	1826	3123
SMU86_09290	408	734	682	758
SMU86_09295	1173	2261	2186	2340
SMU86_09300	436	964	845	911
SMU86_09305	1490	2752	3102	2815
SMU86_09310	3221	5777	7055	6371
SMU86_09315	1363	2113	2503	2321
SMU86_09320	792	1373	1666	1598
SMU86_09325	959	1235	1110	2189
SMU86_09330	1373	1781	1654	3251
SMU86_09335	6016	13548	10787	12001
SMU86_09340	123	190	187	219
SMU86_09345	315	489	575	566
SMU86_09350	490	561	833	802
SMU86_09355	3849	3115	6729	5587
SMU86_09360	5270	6443	8933	8246
SMU86_01923	619	494	1263	972
SMU86_01928	349	223	722	517
SMU86_01933	917	491	1609	1461
SMU86_01938	151	107	266	253
SMU86_01943	586	1202	1008	1102
SMU86_01948	12842	28597	20698	25484
SMU86_01953	9915	10331	20277	14451
SMU86_01958	3780	5904	8015	6462
SMU86_01963	2972	6422	5290	6077
SMU86_01968	871	1708	1696	1558
SMU86_01973	1366	2752	2091	2665
SMU86_01978	2056	2609	3483	3238
SMU86_01983	1111	164	1968	472
SMU86_01988	1909	317	3114	850
SMU86_01993	1175	889	2012	1101
SMU86_01998	3088	6963	5340	6258
SMU86_02003	918	1261	2527	3078
SMU86_09365	616	607	1179	980
SMU86_09370	2990	6361	5322	6100
SMU86_09375	6432	7334	12019	9381
SMU86_09380	1128	672	2147	1254
SMU86_09385	0	0	0	0
SMU86_09390	3229	2626	5569	3921
SMU86_09395	1138	2172	2046	2230
SMU86_09400	4890	8344	8673	9230
SMU86_09405	2794	4508	4949	5335
SMU86_09410	1529	2662	2878	3038
SMU86_09415	1189	2334	2422	2428
SMU86_09420	557	555	843	1058
SMU86_09425	760	1091	1551	1283
SMU86_09430	313	477	612	580
SMU86_09435	1036	2109	2126	2148
SMU86_09440	175	247	280	383
SMU86_09445	130	210	250	343
SMU86_09450	136	257	285	428
SMU86_09455	424	904	761	1039
SMU86_09460	1141	1925	1800	2602
SMU86_09465	5356	9128	10373	10266
SMU86_09470	3084	3680	6432	5592
SMU86_09475	2096	2871	4230	3755
SMU86_09480	3695	6982	6474	6585
SMU86_09485	2452	4896	4570	4554
SMU86_09490	503	715	15488	29479
SMU86_09495	516	656	15853	31177
SMU86_09500	439	304	16163	25813
SMU86_09505	252	127	8042	12711
SMU86_09510	557	547	969	858
SMU86_09515	799	990	1377	1364
SMU86_09520	490	263	1028	764
SMU86_09525	0	0	0	0
SMU86_09530	0	0	0	0
SMU86_09535	103	174	496	1121
SMU86_09540	105	175	494	1261
SMU86_09545	1994	1359	1283	5682
SMU86_09550	5084	8370	9428	11547
SMU86_09555	4645	6682	8699	10418
SMU86_09560	900	952	1639	1855
SMU86_09565	408	743	642	861
SMU86_09570	389	703	589	790
SMU86_09575	751	1256	1158	1493
SMU86_09580	558	973	891	1051
SMU86_09585	448	880	712	886
SMU86_09590	14135	30129	22469	30824
SMU86_09600	34631	68103	59114	68422
SMU86_09605	19067	12787	36554	34143
SMU86_09610	129	55	252	157
SMU86_09615	601	295	969	736
SMU86_09620	528	494	793	756
SMU86_09625	111	115	151	189
SMU86_09630	129	162	188	202
SMU86_09635	92	129	192	176
SMU86_09640	943	2417	2370	2203
SMU86_09645	817	2010	1972	1808
SMU86_09650	870	1589	1576	1655
SMU86_02008	0	0	0	0
SMU86_02013	0	0	0	0
SMU86_02018	0	0	0	0
SMU86_02023	0	0	0	0
SMU86_02028	0	0	0	0
SMU86_02033	0	0	0	0
SMU86_02038	0	0	0	0
SMU86_02043	0	0	0	0
SMU86_02048	0	0	0	0
SMU86_02053	0	0	0	0
SMU86_02058	0	0	0	0
SMU86_02063	0	0	0	0
SMU86_02068	0	0	0	0
SMU86_02073	0	0	0	0
SMU86_02078	0	0	0	0
SMU86_02083	0	0	0	0
SMU86_02088	0	0	0	0
SMU86_02093	0	0	0	0
SMU86_02098	0	0	0	0
SMU86_09655	639	741	790	1333
SMU86_09660	0	0	0	0
SMU86_09665	0	0	0	0
SMU86_09670	0	0	0	0
SMU86_09675	0	0	0	0
SMU86_09685	1379	1944	2541	2398
SMU86_09690	893	1085	1603	1478
SMU86_09695	1488	1852	2605	2601
SMU86_09700	1034	1239	1868	1834
SMU86_09705	433	567	801	822
SMU86_09710	202	231	312	290
SMU86_09715	1263	1597	2133	2109
SMU86_09720	570	764	1118	972
SMU86_09725	346	418	649	555
SMU86_09730	450	331	772	547
SMU86_09735	287	174	434	334
SMU86_09740	432	303	793	605
SMU86_09745	645	434	1134	890
SMU86_09750	1008	792	1923	1711
SMU86_09755	658	633	1273	1114
SMU86_09760	1597	1669	2532	2669
SMU86_09765	650	632	1095	1060
SMU86_09770	1946	3452	3273	3957
SMU86_09775	787	843	1722	1233
SMU86_09780	304	281	608	420
SMU86_09785	690	390	1417	854
SMU86_09790	470	136	1031	444
SMU86_09795	124	84	1970	3902
SMU86_09800	141	131	2438	4302
SMU86_09805	10	8	11	19
SMU86_09810	974	1807	1890	2116
SMU86_09815	31491	56971	47982	65235
SMU86_09820	187	234	308	376
SMU86_09825	160	293	265	302
SMU86_09830	142	252	180	247
SMU86_09835	55	85	82	102
SMU86_09840	51	57	87	76
SMU86_09845	4646	9461	9691	8564
SMU86_09850	51	41	98	70
SMU86_09855	1289	1684	2417	2126
SMU86_09860	7320	7030	13306	11371
SMU86_09865	13654	11188	25006	21288
SMU86_09872	0	0	0	0
SMU86_09877	14	30	14	29
SMU86_09882	59	117	89	124
SMU86_09887	826	1367	1345	1564
SMU86_09892	803	1174	1226	1523
SMU86_09897	658	987	1082	1286
SMU86_09902	1101	1733	1814	2181
SMU86_09907	756	1176	1217	1330
SMU86_09912	682	1035	1009	1253
SMU86_09917	453	760	815	907
SMU86_09922	674	1050	1176	1297
SMU86_09927	381	77	270	806
SMU86_09932	413	91	261	872
SMU86_02103	207	298	395	377
SMU86_02108	9172	13807	14473	16491
SMU86_02113	14862	5612	24765	15438
SMU86_02118	15590	5253	25394	15526
SMU86_02123	4573	1943	7165	5272
SMU86_02128	11799	7745	19240	14482
SMU86_02133	12250	9207	19673	16487
SMU86_02138	18794	21006	29163	29423
SMU86_02143	11838	17256	19924	20400
SMU86_02148	2669	486	3562	998
SMU86_02153	2744	1048	3856	1450
SMU86_02158	2795	2047	4759	2565
SMU86_02163	2292	3000	4307	4066
SMU86_02168	19049	25302	33192	33515
SMU86_02173	2446	4859	4066	5210
SMU86_02178	3710	7010	6044	7725
SMU86_02183	872	1217	1389	1570
SMU86_02188	7231	10442	13834	19281
SMU86_02193	137	54	219	81
SMU86_02198	1346	1801	2206	2370
SMU86_02203	2144	2638	3332	3522
SMU86_02208	1098	1096	1527	1647
SMU86_02213	1151	1142	1775	1827
SMU86_02218	1658	1377	2434	2572
SMU86_02223	888	771	1321	1441
SMU86_02228	2366	2139	3255	3548
SMU86_02233	508	513	725	787
SMU86_02238	2429	5009	4448	4918
SMU86_02243	220	247	465	372
SMU86_02248	938	752	1590	1266
SMU86_02253	747	221	1375	777
SMU86_02258	1112	1008	1188	2214
SMU86_02263	1057	1157	1285	2205
SMU86_02268	2104	2878	3571	4156
SMU86_02273	4460	5764	7157	8075
SMU86_02278	1979	1554	3198	3099
SMU86_02283	1837	1957	3584	3101
SMU86_02288	3909	5268	6945	6140
SMU86_02293	1883	2283	3286	3000
SMU86_02298	1424	1753	2542	2262
SMU86_02303	764	1227	1376	1303
SMU86_02308	589	529	1069	865
SMU86_09937	0	0	0	0
SMU86_09942	0	0	0	0
SMU86_09947	0	0	0	0
SMU86_09952	0	0	0	0
SMU86_09957	0	0	1	2
SMU86_09962	546	270	10937	12400
SMU86_09967	435	136	8592	7709
SMU86_09972	191	36	3928	2667
SMU86_09977	706	610	17015	27490
SMU86_09982	2837	4604	6075	5436
SMU86_09987	5207	12053	8415	10490
SMU86_09992	239	580	464	586
SMU86_09997	500	846	756	1103
SMU86_10002	830	1408	1264	1816
SMU86_10007	904	1565	1388	1970
SMU86_10012	1182	1982	1770	2690
SMU86_10017	935	1751	1398	2104
SMU86_10022	1	1	1	4
SMU86_10027	0	0	0	0
SMU86_10032	0	0	0	0
SMU86_10037	4615	2204	2797	11031
SMU86_10042	1144	2216	2159	2187
SMU86_10047	844	1619	1478	1619
SMU86_10052	492	935	712	929
SMU86_10057	420	924	671	891
SMU86_10062	2431	4706	4368	4674
SMU86_10067	2257	3398	4365	4378
SMU86_10072	2054	3182	3856	3951
SMU86_10077	2295	3122	4131	4184
SMU86_10082	2606	3468	4599	4670
SMU86_10087	1114	1380	2021	2050
SMU86_10092	646	1005	1187	1166
SMU86_10097	2573	3989	4462	4854
SMU86_10102	783	1382	1493	1537
SMU86_10107	715	1285	1279	1512
SMU86_10112	307	377	554	543
SMU86_10117	904	1907	1474	2039
SMU86_10122	88	165	165	182
SMU86_10127	679	711	1228	1082
SMU86_10132	4776	6061	8587	8154
