gene	40	41	42	43
SMU86_00005	5362	8736	10991	9592
SMU86_00010	3691	5590	7030	6542
SMU86_00015	2538	4288	5116	4556
SMU86_00020	757	1186	1353	1354
SMU86_00025	975	1131	1570	1591
SMU86_00030	742	855	1112	1228
SMU86_00035	616	694	889	1010
SMU86_00040	294	268	418	437
SMU86_00045	974	1151	1503	1594
SMU86_00050	627	1079	847	1248
SMU86_00055	1798	3470	2521	3775
SMU86_00060	1893	3901	2726	3955
SMU86_00065	357	44	543	127
SMU86_00070	588	111	867	309
SMU86_00075	823	453	1242	939
SMU86_00080	0	0	0	0
SMU86_00085	123	95	194	179
SMU86_00090	561	474	905	857
SMU86_00095	362	495	680	703
SMU86_00100	1688	2677	3105	3176
SMU86_00115	140	113	270	237
SMU86_00120	135	117	212	193
SMU86_00125	307	230	613	466
SMU86_00130	611	429	1055	782
SMU86_00135	1588	1645	2853	2425
SMU86_00140	2219	2609	4284	3741
SMU86_00145	2743	4518	5121	5209
SMU86_00150	1191	1549	2236	2112
SMU86_00155	2204	2766	4008	3704
SMU86_00160	1670	1679	2834	2697
SMU86_00165	4528	5112	7351	7418
SMU86_00170	4845	5691	7963	7800
SMU86_00175	4641	4966	7796	7407
SMU86_00180	3563	3003	5871	5196
SMU86_00185	3839	2535	6549	5349
SMU86_00190	3390	2253	5791	4995
SMU86_00195	26514	33301	50160	43771
SMU86_00200	171	98	304	235
SMU86_00205	1077	390	1770	1253
SMU86_00210	2019	1030	3571	2892
SMU86_00215	6384	13180	10494	12975
SMU86_00220	373	200	730	573
SMU86_00225	1011	1102	1536	1581
SMU86_00230	2871	2907	3960	4314
SMU86_00235	5743	7073	8740	8940
SMU86_00240	3066	3817	4345	4647
SMU86_00245	8196	10638	11126	11493
SMU86_00250	6280	10595	9870	11856
SMU86_00255	4486	7892	6690	8380
SMU86_00260	4200	8215	6593	7771
SMU86_00265	2554	622	1454	3835
SMU86_00270	3614	753	2167	3013
SMU86_00275	15984	28264	19989	33411
SMU86_00280	5877	10420	9659	11653
SMU86_00285	2012	3190	3431	3758
SMU86_00290	388	346	667	636
SMU86_00295	859	906	1654	1499
SMU86_00300	2825	5154	4278	5324
SMU86_00305	822	646	1392	1098
SMU86_00310	454	218	875	512
SMU86_00315	241	73	384	221
SMU86_00320	468	416	850	667
SMU86_00325	600	726	1168	964
SMU86_00330	547	699	1001	970
SMU86_00335	1483	2391	2912	2576
SMU86_00340	1785	3539	3216	3505
SMU86_00345	48	40	76	83
SMU86_00350	1223	1875	1973	2014
SMU86_00355	795	801	1331	1224
SMU86_00360	881	942	1504	1455
SMU86_00365	1664	1049	2725	2115
SMU86_00370	97	52	135	96
SMU86_00375	211	174	318	300
SMU86_00380	13	14	37	24
SMU86_00385	5856	7727	8057	9308
SMU86_00390	3290	3802	5804	5822
SMU86_00395	2165	1591	3710	3347
SMU86_00400	2921	2657	5087	4858
SMU86_00405	344	263	511	471
SMU86_00410	1914	1596	3178	2777
SMU86_00415	4027	3514	6521	5932
SMU86_00420	3774	3554	5974	5574
SMU86_00425	2848	2536	4550	4241
SMU86_00430	4409	3399	6960	5931
SMU86_00435	3718	2017	5854	4381
SMU86_00440	2453	1334	4226	2819
SMU86_00445	5264	5110	8706	7902
SMU86_00450	4943	6467	8242	8503
SMU86_00455	8025	16673	13331	18144
SMU86_00460	785	1037	1580	1259
SMU86_00465	534	607	1303	818
SMU86_00470	516	457	1331	794
SMU86_00475	659	1028	1175	1419
SMU86_00480	36	30	66	66
SMU86_00485	821	864	1367	1763
SMU86_00490	255	229	585	568
SMU86_00495	129	128	361	324
SMU86_00500	612	788	1267	1419
SMU86_00505	607	869	1276	1347
SMU86_00510	3461	8444	6054	7593
SMU86_00515	462	745	827	777
SMU86_00520	533	901	917	967
SMU86_00525	4459	4692	8447	7080
SMU86_00530	6335	6809	11691	10620
SMU86_00535	481	300	1024	632
SMU86_00540	3928	3024	7739	5701
SMU86_00545	949	506	1627	1247
SMU86_00550	2361	1733	4623	3632
SMU86_00555	1282	990	2564	2187
SMU86_00560	435	633	724	836
SMU86_00565	1038	1962	1717	1891
SMU86_00570	843	1450	1391	1486
SMU86_02313	59148	131358	94068	121220
SMU86_02318	1200	1028	2198	1581
SMU86_02323	2145	1681	4207	2838
SMU86_02328	2042	1231	3253	2205
SMU86_02333	2498	1230	4031	2543
SMU86_02338	1427	625	2509	1322
SMU86_02343	6616	6926	13293	11002
SMU86_02348	20362	33687	35178	37844
SMU86_02353	30789	48731	55623	57631
SMU86_02358	709	770	1514	1263
SMU86_02363	2267	1872	4314	3889
SMU86_02368	7314	17565	34071	13438
SMU86_02373	1746	4973	3173	5219
SMU86_02378	1116	1290	2512	2258
SMU86_02383	314	317	721	547
SMU86_02388	871	931	1843	1570
SMU86_02393	1141	1187	1890	1787
SMU86_02398	2937	3252	4964	4885
SMU86_02403	3460	3597	5809	6023
SMU86_02408	4565	4641	7523	7716
SMU86_02413	983	1892	1715	1924
SMU86_02418	582	1271	1274	1303
SMU86_02423	44	87	115	97
SMU86_10146	659	974	1074	1224
SMU86_10151	0	0	0	0
SMU86_10156	0	0	0	0
SMU86_10161	0	0	0	0
SMU86_10166	0	0	0	0
SMU86_10171	0	0	0	1
SMU86_10176	363	668	605	687
SMU86_10181	135	214	245	244
SMU86_10186	378	698	777	707
SMU86_10191	121	83	230	126
SMU86_10196	614	86	1117	247
SMU86_10201	2008	440	3788	1076
SMU86_10206	50051	101051	79164	104393
SMU86_10211	605	817	1270	1098
SMU86_10216	1687	2474	3144	2830
SMU86_10221	119	80	245	181
SMU86_10226	615	320	1148	826
SMU86_10231	128	56	225	147
SMU86_10236	2109	2279	4300	3151
SMU86_10241	1839	2839	3579	3222
SMU86_10246	5158	9282	10169	9787
SMU86_10251	2246	3973	4214	4074
SMU86_10256	69	37	113	69
SMU86_10261	140	104	208	234
SMU86_10266	361	250	458	606
SMU86_10271	4122	5521	8137	7411
SMU86_10276	468	1332	1508	925
SMU86_10281	1226	3397	3669	2139
SMU86_02430	0	0	0	0
SMU86_02435	0	0	0	0
SMU86_02440	0	0	0	0
SMU86_02445	0	0	0	0
SMU86_02450	71	121	154	119
SMU86_02455	16	25	51	41
SMU86_02460	53	62	93	48
SMU86_02465	60	44	132	66
SMU86_02470	2591	1577	7292	3462
SMU86_02475	1188	1928	2256	2326
SMU86_02480	1571	2084	2579	2635
SMU86_02485	1172	1419	2071	1929
SMU86_02490	1123	1509	2160	1992
SMU86_02495	1356	1723	2420	2268
SMU86_10291	0	0	0	0
SMU86_10302	0	0	0	0
SMU86_10307	0	0	0	0
SMU86_10312	0	0	0	0
SMU86_10322	771	1225	1356	1303
SMU86_10327	120	218	176	219
SMU86_10342	3741	2598	6139	5331
SMU86_10347	72	80	94	109
SMU86_02500	7016	15756	12233	14212
SMU86_02505	6937	14590	10665	14358
SMU86_02510	718	1130	1061	1406
SMU86_02515	559	718	843	952
SMU86_02520	791	984	1146	1334
SMU86_02525	1908	3162	2758	3824
SMU86_10352	12	22	13	45
SMU86_10357	0	0	0	0
SMU86_10362	272	243	5228	8813
SMU86_10372	152	105	205	299
SMU86_10377	1519	1038	1803	3112
SMU86_10382	642	650	826	1427
SMU86_10387	30	34	60	61
SMU86_02530	621	973	1197	1203
SMU86_02535	968	1628	1918	1906
SMU86_02540	960	1638	1929	1801
SMU86_02545	1726	3022	3354	3202
SMU86_02550	2554	4901	4734	4871
SMU86_02555	1466	2953	2836	2919
SMU86_02560	6675	16209	10828	15158
SMU86_02565	1353	2396	2595	2657
SMU86_02570	1387	704	2430	1385
SMU86_02575	0	0	0	0
SMU86_02580	0	0	0	0
SMU86_02585	1219	1792	2341	2289
SMU86_02590	2677	2792	4386	4143
SMU86_02595	12743	29627	21297	25544
SMU86_02600	1601	2605	3067	2994
SMU86_02605	2281	3789	4468	4249
SMU86_02610	863	1505	1725	1650
SMU86_02615	41831	79749	58641	102746
SMU86_02620	2024	1962	3802	3478
SMU86_02625	962	735	1740	1548
SMU86_02630	818	583	1467	1392
SMU86_10420	0	0	0	0
SMU86_10425	0	0	0	0
SMU86_10430	200	230	299	307
SMU86_10446	0	0	0	0
SMU86_10451	1200	1275	2382	2132
SMU86_10456	473	308	946	776
SMU86_10461	0	0	0	0
SMU86_10466	110	101	188	147
SMU86_10471	5	13	10	9
SMU86_02635	2268	3761	3969	4042
SMU86_02640	564	834	1008	1078
SMU86_02645	1214	1502	2187	1993
SMU86_02650	1782	3841	3398	3566
SMU86_02655	357	365	733	602
SMU86_02660	1008	880	1908	1549
SMU86_02665	3465	7274	5697	6800
SMU86_02670	805	1183	1755	1434
SMU86_02675	19216	12552	11068	49696
SMU86_02680	1627	1975	2322	2737
SMU86_02685	760	1305	1123	1336
SMU86_02690	1114	2255	2100	2234
SMU86_02695	2291	4724	3772	4499
SMU86_02700	3203	5419	5309	6608
SMU86_02705	1972	5476	6100	3605
SMU86_02710	2627	6079	5025	5676
SMU86_02715	822	1365	1480	1516
SMU86_02720	781	1192	1584	1376
SMU86_02725	1465	1616	2917	2263
SMU86_02730	892	640	1698	1259
SMU86_02735	187	83	388	270
SMU86_02740	856	360	1726	1161
SMU86_02745	193	126	364	300
SMU86_02750	1255	1548	2408	2183
SMU86_02755	508	459	982	709
SMU86_02760	1152	664	2277	1637
SMU86_02765	6853	4564	14002	10268
SMU86_02770	1340	1939	2198	2386
SMU86_02775	9530	18374	15894	19031
SMU86_02780	0	0	0	0
SMU86_10481	0	0	0	0
SMU86_10493	0	0	0	0
SMU86_10498	0	0	0	0
SMU86_10503	0	0	0	0
SMU86_10508	137	121	3738	6612
SMU86_10513	619	879	15607	26571
SMU86_10518	0	0	0	0
SMU86_10523	0	0	0	0
SMU86_02785	140	206	239	242
SMU86_02790	543	705	809	910
SMU86_02795	1295	1114	1991	2251
SMU86_02800	1704	813	2646	2301
SMU86_02805	338	156	540	442
SMU86_02810	519	280	788	781
SMU86_02815	474	282	642	673
SMU86_02820	398	166	584	533
SMU86_02825	26008	68988	44022	58477
SMU86_02830	899	2203	1391	1775
SMU86_02835	7772	13067	13854	14518
SMU86_02840	3727	2457	6322	4923
SMU86_02845	0	0	0	0
SMU86_02850	21255	20253	35017	34671
SMU86_02855	713	1395	1283	1551
SMU86_02860	799	1620	1658	1645
SMU86_02865	1152	2397	1724	2292
SMU86_02870	1255	2479	1775	2302
SMU86_02875	1810	3693	2771	3515
SMU86_02880	1424	2807	2217	2755
SMU86_02885	7081	14598	11379	16374
SMU86_02890	18515	30802	28400	38815
SMU86_02895	2294	3063	3171	4775
SMU86_02900	4060	6806	6083	8870
SMU86_02915	2497	3612	4321	5490
SMU86_02920	1552	1821	2747	2716
SMU86_02925	3631	4476	6340	6373
SMU86_02930	4229	5882	7458	7792
SMU86_02935	4148	8531	6859	8057
SMU86_02940	905	1547	1471	1600
SMU86_02945	1324	2214	1957	2532
SMU86_02950	4703	9326	7954	9476
SMU86_02955	11718	21199	20879	22121
SMU86_02960	3204	5241	5658	5518
SMU86_02965	1334	1870	2522	2184
SMU86_02970	2381	3893	4494	4161
SMU86_02975	30927	9609	50189	28549
SMU86_02980	1946	2170	2990	3981
SMU86_02985	622	767	1094	1030
SMU86_02990	1179	1486	2690	1426
SMU86_02995	0	0	0	0
SMU86_03000	0	0	0	0
SMU86_03005	0	0	0	0
SMU86_03010	0	0	0	0
SMU86_03015	377	189	758	309
SMU86_03020	226	130	495	208
SMU86_03025	524	234	1089	426
SMU86_03030	638	553	1303	706
SMU86_03035	246	347	555	360
SMU86_03040	806	1247	1678	1368
SMU86_03045	609	1175	1348	1187
SMU86_03050	0	0	0	0
SMU86_03055	0	0	0	0
SMU86_03060	0	0	0	0
SMU86_03065	0	1	1	0
SMU86_10528	0	0	0	0
SMU86_10533	0	0	0	0
SMU86_10542	0	0	0	0
SMU86_10547	0	0	0	0
SMU86_10557	0	0	0	0
SMU86_03072	1249	1690	1909	2205
SMU86_03077	1069	1407	1740	1896
SMU86_03082	1605	3048	2707	3471
SMU86_03087	4838	9511	8551	10807
SMU86_03092	1391	3197	2737	2887
SMU86_03097	2328	4772	4376	4627
SMU86_03102	1150	2470	2541	2380
SMU86_03107	766	955	2164	1575
SMU86_03112	1379	2354	3280	2837
SMU86_03117	2494	4175	4166	5340
SMU86_03122	2707	4393	4817	5465
SMU86_10567	0	0	0	0
SMU86_10572	0	0	0	0
SMU86_10577	0	0	0	0
SMU86_03127	2816	1508	1923	7458
SMU86_03132	2518	1611	1808	7181
SMU86_03137	1150	2134	1661	2721
SMU86_03142	764	1270	1143	1813
SMU86_03147	11327	20275	22919	21008
SMU86_03152	1546	1615	2374	2517
SMU86_03157	2037	4700	4150	4845
SMU86_03162	1544	2918	3097	2933
SMU86_03167	1594	3023	3316	3179
SMU86_03172	459	683	872	797
SMU86_03177	129	144	272	206
SMU86_03182	58	66	111	79
SMU86_03187	153	115	247	193
SMU86_03192	77	43	141	81
SMU86_03197	300	56	464	150
SMU86_03202	766	68	1490	368
SMU86_03207	363	265	639	574
SMU86_03212	45	22	78	45
SMU86_03224	11218	16321	18709	19953
SMU86_03229	6696	10101	11660	12282
SMU86_03234	4360	7122	7338	8223
SMU86_03239	2295	3604	4103	4474
SMU86_03244	3764	5175	4942	8731
SMU86_03249	1741	1492	1366	4886
SMU86_03254	3232	7287	6113	6797
SMU86_03259	759	997	1393	1151
SMU86_03264	399	531	748	638
SMU86_03269	199	241	335	308
SMU86_03274	155	250	325	314
SMU86_03279	846	1165	1628	1440
SMU86_03284	1773	2552	3327	2985
SMU86_03289	2379	3144	4462	4117
SMU86_03294	3605	4852	6747	6067
SMU86_03299	2600	3457	4401	4131
SMU86_03304	4868	7057	8829	8041
SMU86_03309	1364	2072	2535	2282
SMU86_03314	809	307	1497	832
SMU86_03319	210	70	389	213
SMU86_03324	123	91	191	201
SMU86_03329	305	317	504	510
SMU86_03334	224	401	430	400
SMU86_03339	11	11	13	25
SMU86_03344	109	165	182	214
SMU86_03349	38	51	71	70
SMU86_03354	58	61	91	84
SMU86_03359	0	0	0	0
SMU86_03364	0	0	0	0
SMU86_03369	0	0	0	0
SMU86_03374	2035	2834	3350	3644
SMU86_03379	19081	21930	34888	33919
SMU86_03384	3438	2007	6283	4974
SMU86_03389	1863	513	3716	1337
SMU86_03394	3363	658	6413	1150
SMU86_03399	434	23	735	60
SMU86_03404	1173	62	2267	142
SMU86_03409	1106	54	2181	132
SMU86_03414	3669	590	7051	2012
SMU86_03419	689	141	1313	406
SMU86_03424	4009	3293	7983	5600
SMU86_03429	267	170	575	356
SMU86_03434	2069	1662	4050	2758
SMU86_03439	1997	641	3676	2021
SMU86_03444	390	60	882	196
SMU86_03449	2979	911	6765	2511
SMU86_03454	798	475	1704	1169
SMU86_03459	776	704	1553	1154
SMU86_00575	21460	46173	42914	45376
SMU86_00580	3629	1772	7056	4915
SMU86_00585	4416	1935	8623	5643
SMU86_00590	2934	2158	5770	4093
SMU86_00595	4019	3363	7331	5631
SMU86_00600	1546	888	2756	2011
SMU86_00605	2213	1198	3700	2670
SMU86_00610	2044	1579	3766	2802
SMU86_00615	703	599	1280	1000
SMU86_00620	2625	3180	4854	4173
SMU86_00625	1544	2332	2636	3015
SMU86_00630	771	1169	1323	1517
SMU86_00635	437	295	645	1406
SMU86_00640	485	414	844	1391
SMU86_00645	0	0	0	0
SMU86_00650	0	0	0	0
SMU86_03466	85	52	180	211
SMU86_03471	1910	911	3006	5368
SMU86_03476	1227	709	2079	3657
SMU86_03481	3450	5353	5038	6072
SMU86_03486	5917	8576	8794	10128
SMU86_03491	11089	14441	15975	17365
SMU86_03496	6933	5216	9696	8318
SMU86_03501	8859	2578	12131	7994
SMU86_03506	3472	1366	4527	3816
SMU86_03511	4559	5399	5241	7180
SMU86_03516	1147	630	1992	1606
SMU86_03521	797	338	1268	1121
SMU86_03526	874	633	1530	1228
SMU86_03531	4061	3744	7216	6201
SMU86_03536	4487	7352	8128	8331
SMU86_03541	4212	5276	8394	7724
SMU86_03546	523	846	855	952
SMU86_03551	1531	2520	2420	2911
SMU86_03556	3075	5453	4752	6188
SMU86_03561	899	1452	1347	1822
SMU86_03566	1350	2062	1959	2646
SMU86_03571	1236	1905	1637	2576
SMU86_03576	904	1311	1180	1800
SMU86_03581	1487	1794	1957	2831
SMU86_03586	1608	1601	2109	2950
SMU86_03591	2551	1031	3379	2963
SMU86_03596	2514	1877	3420	5580
SMU86_03601	14768	31634	26520	29002
SMU86_03606	681	817	1289	1105
SMU86_03611	715	884	1296	1182
SMU86_03616	1848	3165	3402	3517
SMU86_03621	1019	1946	2002	1885
SMU86_03626	1253	2125	2555	2168
SMU86_03631	3874	3873	9795	5740
SMU86_03636	320	399	503	435
SMU86_03641	508	316	902	518
SMU86_03646	20520	37120	32033	48934
SMU86_03651	2874	5214	4523	6942
SMU86_03656	834	3481	1104	2807
SMU86_03661	2919	12206	3453	10314
SMU86_03666	2197	9892	2723	8673
SMU86_03671	783	3597	982	3771
SMU86_03676	902	4469	1093	4128
SMU86_03681	12	12	35	33
SMU86_03686	1409	693	2880	1836
SMU86_03691	664	445	1390	977
SMU86_03696	1088	754	2233	1569
SMU86_03701	661	300	1329	761
SMU86_03706	604	567	1178	934
SMU86_03711	274	108	528	299
SMU86_03716	281	74	636	270
SMU86_03721	1761	3650	3044	3606
SMU86_03726	1218	2369	2182	2346
SMU86_03731	885	1686	1511	1624
SMU86_03736	2061	3740	3349	3740
SMU86_03741	2213	4357	3763	4356
SMU86_03746	4296	7337	7212	8193
SMU86_03751	6052	10313	10646	11946
SMU86_03756	4187	5557	5741	9242
SMU86_03761	581	769	922	1109
SMU86_03766	2747	5867	3270	7043
SMU86_03771	3628	6734	4454	9088
SMU86_03776	2544	2655	3097	5234
SMU86_03781	1966	1204	2779	3606
SMU86_03786	166	323	345	292
SMU86_03791	7768	12705	14388	13798
SMU86_03796	11123	13437	20381	18305
SMU86_03801	1488	1033	2680	2076
SMU86_03806	5716	6266	11123	8924
SMU86_03811	4518	7525	7706	8096
SMU86_03816	2720	4342	4573	4867
SMU86_03821	2183	1867	3602	3524
SMU86_03826	1158	778	1923	1850
SMU86_03831	6044	5807	9914	10402
SMU86_03836	2134	2984	3586	4072
SMU86_03841	696	1609	1208	1573
SMU86_03846	924	1986	1481	1897
SMU86_03851	610	1261	933	1293
SMU86_03856	272	343	465	470
SMU86_03861	525	2127	1600	2029
SMU86_03866	906	2054	1235	2046
SMU86_03871	1450	3537	2801	3595
SMU86_03876	1954	4521	3956	4695
SMU86_03881	564	2073	2041	2364
SMU86_03886	174	1030	1215	1550
SMU86_03891	47	67	79	76
SMU86_03896	1478	2419	2668	2757
SMU86_03901	251	608	593	543
SMU86_03906	1668	3718	3788	3470
SMU86_03911	349	686	778	690
SMU86_03916	38	56	92	72
SMU86_03921	87	157	130	159
SMU86_03926	982	1883	1447	1882
SMU86_03931	1262	2343	1972	2429
SMU86_03936	1812	4269	3412	3765
SMU86_03941	1052	1739	2137	2053
SMU86_03946	7479	10079	12593	14018
SMU86_03951	6619	8299	11380	11622
SMU86_03956	7334	9047	12615	13015
SMU86_03961	1678	1909	2776	2792
SMU86_03966	0	0	0	0
SMU86_03971	0	0	0	0
SMU86_03976	24	30	38	29
SMU86_03981	743	986	1157	1259
SMU86_03986	6244	13458	9486	12149
SMU86_03991	260	383	409	466
SMU86_03996	813	1499	1568	1496
SMU86_04001	2064	3585	3592	3717
SMU86_04006	1814	2993	2913	3066
SMU86_04011	2374	4404	4224	4263
SMU86_04016	884	1667	1596	1626
SMU86_04021	1470	2525	2652	2766
SMU86_04026	1694	2820	2897	3046
SMU86_04031	2995	5457	5287	5802
SMU86_04036	1580	2551	2626	2783
SMU86_04041	2958	2864	5177	4635
SMU86_04046	1548	1072	2507	2119
SMU86_04051	1865	1955	3107	3129
SMU86_04056	3666	5576	6142	6706
SMU86_04061	66	34	110	146
SMU86_04066	3319	1702	4701	6022
SMU86_04071	257	601	492	547
SMU86_04076	1140	319	2121	1218
SMU86_04081	0	0	0	0
SMU86_04086	0	0	0	0
SMU86_04091	0	0	0	0
SMU86_04096	0	0	0	0
SMU86_04101	0	0	0	0
SMU86_04126	0	0	0	0
SMU86_04131	0	0	0	0
SMU86_04136	0	0	0	0
SMU86_04141	0	0	0	0
SMU86_04146	0	0	0	0
SMU86_04151	0	0	0	0
SMU86_04156	0	0	0	0
SMU86_04161	0	0	0	0
SMU86_04166	0	0	0	0
SMU86_04171	0	0	0	0
SMU86_04176	0	0	0	0
SMU86_04181	0	0	0	0
SMU86_04186	6141	10683	10172	11662
SMU86_04191	14564	22316	25785	25496
SMU86_04196	3395	4433	6014	5987
SMU86_04201	232	126	454	314
SMU86_04206	1586	2057	2977	2748
SMU86_04211	6619	4841	11287	9275
SMU86_04216	12513	6540	21789	16156
SMU86_04221	1407	3209	2862	2579
SMU86_04226	18809	15229	35011	27542
SMU86_04231	6840	10044	11392	12254
SMU86_04236	4557	6661	7508	8218
SMU86_04241	7623	6875	11906	12166
SMU86_04246	3205	2869	4898	5092
SMU86_04251	5503	4974	8582	8196
SMU86_04256	7070	10406	11946	11967
SMU86_04261	17572	29095	30531	31870
SMU86_04266	581	482	1268	917
SMU86_04271	1178	798	2318	1656
SMU86_04276	815	605	1712	1235
SMU86_04281	2893	3806	5730	4661
SMU86_04286	989	1477	1968	1682
SMU86_04291	356	347	569	603
SMU86_04296	466	396	759	839
SMU86_04301	1564	2429	2047	3058
SMU86_04306	509	1007	754	1190
SMU86_04311	1016	1906	1398	2145
SMU86_04316	1805	4821	2202	5375
SMU86_04321	246	381	350	470
SMU86_04326	133	95	238	214
SMU86_04331	82	30	162	100
SMU86_04336	2597	2855	4648	5858
SMU86_04341	2845	1999	4388	3638
SMU86_04346	5299	1584	7734	5271
SMU86_04351	310	220	594	379
SMU86_04356	805	54	1290	196
SMU86_04361	1429	157	2166	593
SMU86_04366	1615	231	2665	878
SMU86_04371	274	51	530	185
SMU86_04376	797	1115	1442	1152
SMU86_04381	998	1377	1769	1468
SMU86_04386	1035	1555	1931	1660
SMU86_04391	0	0	0	0
SMU86_04396	0	0	0	0
SMU86_04401	0	0	0	0
SMU86_04406	0	0	0	0
SMU86_04411	0	0	0	0
SMU86_04416	0	0	0	0
SMU86_04421	6890	1811	11440	4098
SMU86_04426	13	8	29	26
SMU86_04431	104	70	151	151
SMU86_04436	260	293	451	405
SMU86_04441	1444	961	2882	1600
SMU86_04446	3807	4831	8236	6385
SMU86_04451	3461	2275	6862	4874
SMU86_04456	7241	14317	14906	13086
SMU86_04461	1393	413	2830	1119
SMU86_04466	597	69	1020	288
SMU86_04471	1254	163	2890	607
SMU86_04476	1316	162	2712	376
SMU86_04481	3930	1525	7656	3289
SMU86_04486	2411	1825	5156	3174
SMU86_04491	4385	3215	8928	5287
SMU86_04496	2764	2164	5338	3493
SMU86_04501	2248	1323	4182	2485
SMU86_04506	6863	3678	12987	7113
SMU86_04511	1671	3455	3160	3267
SMU86_04516	6424	7378	8845	11692
SMU86_04521	2790	2975	3795	5217
SMU86_04526	7671	3994	5765	13421
SMU86_04531	18821	7065	27861	21822
SMU86_04536	4131	1027	6163	4061
SMU86_04541	11693	5027	17127	13275
SMU86_04546	2463	894	3712	2652
SMU86_04551	1223	537	1814	1441
SMU86_04556	12077	26147	20520	23234
SMU86_04561	114	88	222	165
SMU86_04566	798	1166	1890	1507
SMU86_04571	47	44	78	72
SMU86_04576	261	306	502	404
SMU86_04581	607	1199	1186	1296
SMU86_04586	10220	23055	19105	21646
SMU86_04591	3829	9799	7861	9934
SMU86_04596	1085	1302	1985	1848
SMU86_04601	337	311	623	546
SMU86_04606	651	582	1254	1106
SMU86_04611	431	448	817	838
SMU86_04616	1953	3215	4007	3520
SMU86_04621	2800	5198	6052	5044
SMU86_04626	4994	8337	10382	8656
SMU86_04631	3025	4972	6653	5260
SMU86_04636	4055	5749	8982	6585
SMU86_04641	83	74	131	106
SMU86_04646	184	58	265	175
SMU86_04651	261	128	365	305
SMU86_04656	0	0	0	0
SMU86_04661	0	0	0	0
SMU86_04666	0	0	0	0
SMU86_04671	391	472	663	647
SMU86_04676	273	459	502	512
SMU86_04681	2995	6247	5023	6305
SMU86_04686	585	1161	957	1250
SMU86_04691	1941	3565	3223	3971
SMU86_04696	7857	17381	16408	14654
SMU86_04701	16476	28398	33794	28943
SMU86_04706	852	1656	1240	1653
SMU86_04711	1744	2090	2967	3408
SMU86_04716	162	146	328	320
SMU86_04721	225	128	361	353
SMU86_04726	906	460	1453	1366
SMU86_04731	675	397	1177	930
SMU86_04736	2531	1600	3846	3621
SMU86_04741	2100	2409	3852	3409
SMU86_04746	2652	1829	4881	3976
SMU86_04751	5597	11972	10967	12232
SMU86_04756	3785	6417	5424	7879
SMU86_04761	11443	6188	20978	14875
SMU86_04766	6762	4630	10888	10112
SMU86_04771	7343	6768	11499	11444
SMU86_04776	3597	3775	5868	5834
SMU86_04781	6121	7474	10154	10704
SMU86_04786	5456	7150	9970	9328
SMU86_04791	4578	5572	7986	7941
SMU86_04796	3923	4184	6591	6354
SMU86_04801	6642	5530	11183	10018
SMU86_04806	7293	4817	12400	10869
SMU86_04811	8331	5534	13869	11954
SMU86_04816	0	0	0	0
SMU86_04821	0	0	0	0
SMU86_04826	0	0	0	0
SMU86_04831	9241	5946	15375	11848
SMU86_04836	977	673	1553	1343
SMU86_04841	1013	1718	2299	1909
SMU86_04846	2647	2829	2585	7288
SMU86_04851	462	550	661	821
SMU86_04856	1807	264	4402	593
SMU86_04861	2415	4252	4378	4990
SMU86_04866	3618	5813	6134	6884
SMU86_04871	1760	2283	3678	3068
SMU86_04876	853	898	1756	1435
SMU86_04881	764	734	1424	1240
SMU86_04886	15882	25520	26156	29521
SMU86_04891	13680	23020	21624	25426
SMU86_04896	13605	22784	21587	25750
SMU86_04901	1581	2100	2915	2732
SMU86_04906	1344	1667	2359	2071
SMU86_04911	1342	1995	2684	2206
SMU86_04916	779	1355	1701	1376
SMU86_04921	1638	2926	3349	2806
SMU86_04926	1323	2449	3103	2316
SMU86_04931	358	728	763	748
SMU86_04936	1209	2298	2280	2575
SMU86_04941	1084	1859	1962	2082
SMU86_04946	1530	2474	2807	2847
SMU86_04951	4867	10157	9193	10071
SMU86_04956	0	0	0	0
SMU86_04961	2974	1996	5355	2301
SMU86_04966	5756	6687	11462	9089
SMU86_04971	6648	7399	13300	10644
SMU86_04976	1023	1091	2022	1601
SMU86_04981	3102	3239	6103	4912
SMU86_04986	5480	5522	11168	8333
SMU86_04991	3176	1314	6963	3927
SMU86_04996	4684	1800	9129	5147
SMU86_05001	3964	2209	7040	5216
SMU86_05006	947	902	1573	1563
SMU86_05011	5907	8177	10004	10407
SMU86_05016	2059	3996	3376	3811
SMU86_05021	1914	3468	3183	3583
SMU86_05026	3051	4158	5719	5103
SMU86_05031	979	848	1887	1309
SMU86_05036	4786	11000	8606	9991
SMU86_05041	2183	3178	3260	4919
SMU86_05046	3734	5000	5748	8306
SMU86_05051	1550	1350	3159	2308
SMU86_05056	1214	1145	2327	1863
SMU86_05061	483	402	941	729
SMU86_05066	110	87	198	155
SMU86_05071	5974	12193	9430	11800
SMU86_05076	1446	2738	2263	2818
SMU86_05081	3483	6840	5403	6729
SMU86_05086	3795	7212	5942	7428
SMU86_05091	747	995	1254	1435
SMU86_05096	876	1232	1348	1707
SMU86_05101	1598	2683	2883	3369
SMU86_05106	3105	5658	5510	6329
SMU86_05111	1653	3030	2947	3176
SMU86_05116	105	55	333	167
SMU86_05121	141	59	362	172
SMU86_05126	374	157	1006	519
SMU86_05131	281	276	453	462
SMU86_05136	4836	7220	7612	9113
SMU86_05141	3014	3914	4968	5164
SMU86_05146	2626	3366	4505	4587
SMU86_05151	1786	2088	3188	3247
SMU86_05156	5483	7472	9909	9784
SMU86_05161	945	1576	1724	1530
SMU86_05166	482	668	906	798
SMU86_05171	958	891	1550	1587
SMU86_05176	924	842	1500	1447
SMU86_05181	592	556	929	972
SMU86_05186	1191	1001	1815	1882
SMU86_05191	733	548	1177	1098
SMU86_05196	179	130	306	222
SMU86_05201	347	890	628	792
SMU86_05206	50	108	106	125
SMU86_05211	162	254	257	276
SMU86_05216	392	771	712	885
SMU86_05221	545	1012	1162	1242
SMU86_05226	93	159	140	182
SMU86_05231	205	301	328	389
SMU86_05236	180	245	289	355
SMU86_05241	92	132	145	153
SMU86_05246	41	78	90	114
SMU86_05251	1	0	2	0
SMU86_05256	211	89	372	231
SMU86_05261	324	493	585	564
SMU86_05266	7933	8354	11597	13048
SMU86_05271	529	565	792	745
SMU86_05276	2656	4732	4856	5037
SMU86_05281	2176	3281	3703	3912
SMU86_05286	3386	4984	6103	6176
SMU86_05291	2080	3159	3884	3814
SMU86_05296	3133	5858	5496	5937
SMU86_05301	4152	7828	7267	8130
SMU86_05306	982	1526	1685	2061
SMU86_05311	0	0	0	0
SMU86_05316	0	0	0	0
SMU86_05321	0	0	0	0
SMU86_05326	236	333	555	495
SMU86_05331	5058	7003	9725	8623
SMU86_05336	2209	3274	3613	4039
SMU86_05341	941	1596	1598	1833
SMU86_05346	253	433	411	532
SMU86_05351	386	805	616	810
SMU86_05356	876	1335	1371	1684
SMU86_05361	616	839	950	1200
SMU86_05366	601	819	923	1148
SMU86_05371	303	365	522	588
SMU86_05376	357	470	622	731
SMU86_05381	372	500	695	805
SMU86_05386	627	735	1006	1202
SMU86_05391	494	558	795	940
SMU86_00655	1666	3437	3033	3296
SMU86_00660	1124	1749	2337	2013
SMU86_00665	1293	2170	2701	2433
SMU86_00670	2639	5277	5766	5183
SMU86_00675	2622	3076	5672	4257
SMU86_00680	3106	3270	6914	4996
SMU86_00685	1742	1871	4180	2745
SMU86_00690	2096	2563	5411	3563
SMU86_00695	905	1144	2005	1473
SMU86_00700	79	141	218	148
SMU86_00705	638	939	1164	1138
SMU86_00710	494	631	932	962
SMU86_00715	8703	10787	15459	14839
SMU86_00720	10617	8742	18689	16055
SMU86_00725	2666	2740	4755	4391
SMU86_00730	8634	8953	15009	14827
SMU86_00735	11270	14401	20873	19709
SMU86_00740	899	930	1570	1394
SMU86_00745	3432	3680	4334	7858
SMU86_00750	7926	11894	16083	13999
SMU86_00755	1112	1921	2132	2049
SMU86_00760	1	1	4	9
SMU86_00765	0	0	0	0
SMU86_00770	0	0	0	0
SMU86_00775	570	940	1059	1023
SMU86_00780	1878	3309	3566	3699
SMU86_00785	769	1216	1123	1435
SMU86_00790	420	593	613	844
SMU86_00795	1852	2448	2327	4027
SMU86_00800	1357	1847	1801	3037
SMU86_00805	252	143	375	379
SMU86_00810	355	206	514	581
SMU86_00815	471	239	708	789
SMU86_00820	1355	2341	2085	2481
SMU86_00825	4305	8510	8256	8309
SMU86_00830	3891	7297	7441	7144
SMU86_00835	1072	823	1678	1570
SMU86_00840	3113	1978	4870	4074
SMU86_00845	2626	1207	4121	3407
SMU86_00850	3075	1361	4874	4085
SMU86_00855	2132	1104	3404	3129
SMU86_00860	1633	1081	2543	2597
SMU86_00865	2642	2238	4168	4143
SMU86_00870	4657	3695	7201	7194
SMU86_00875	3705	3345	6032	5997
SMU86_00880	2247	2403	3790	3610
SMU86_00885	2114	3339	4236	3902
SMU86_00890	3131	6381	7422	6403
SMU86_00895	1957	3727	4642	3944
SMU86_00900	839	1150	1872	1345
SMU86_00905	118	78	187	171
SMU86_00910	3611	5162	5633	6369
SMU86_00915	3192	789	5437	2422
SMU86_00920	9379	1839	16146	5608
SMU86_00925	1720	675	2840	1389
SMU86_00930	6764	6037	11120	8456
SMU86_00935	3120	1311	5144	3045
SMU86_00940	6243	4721	11275	8244
SMU86_00945	13930	22716	15943	22389
SMU86_00950	17827	26438	20521	29639
SMU86_00955	26209	33150	28363	41457
SMU86_00960	11317	13938	12188	18238
SMU86_00965	10147	12663	11086	16565
SMU86_00970	22985	27617	25309	36439
SMU86_00975	14158	14625	15229	22207
SMU86_00980	16928	17375	18370	25901
SMU86_00985	18134	17193	19525	26804
SMU86_00990	6179	4962	9534	11280
SMU86_00995	14147	16435	17246	23454
SMU86_01000	8670	11421	10623	13977
SMU86_01005	6959	13049	11342	12643
SMU86_01010	895	692	1522	1230
SMU86_01015	2871	3892	5358	4903
SMU86_05396	177	239	685	1803
SMU86_05401	280	403	1259	3057
SMU86_05406	1085	1346	2701	3602
SMU86_05411	1356	1788	3336	4064
SMU86_05416	1915	2532	4613	5289
SMU86_05421	585	551	415	1695
SMU86_05426	68	62	137	129
SMU86_05431	86	121	179	170
SMU86_05436	62	94	154	185
SMU86_05441	56	102	141	163
SMU86_05446	57	101	137	122
SMU86_05451	56	78	102	135
SMU86_05456	1802	2229	3066	3025
SMU86_05461	2035	2954	3429	3509
SMU86_05466	1627	2561	2789	2898
SMU86_05471	2737	4232	6664	5610
SMU86_05476	4003	4600	8785	6931
SMU86_05481	3411	4775	8200	5949
SMU86_05486	2858	3581	6721	4610
SMU86_05491	1005	1012	2183	1756
SMU86_05496	1178	1512	2383	2191
SMU86_05501	3598	4726	8169	6616
SMU86_05506	2079	2467	4209	3589
SMU86_05511	11669	18130	25611	23179
SMU86_05516	4804	7662	10349	9399
SMU86_05531	1522	2274	3377	2959
SMU86_05536	559	544	1058	926
SMU86_05541	429	797	697	816
SMU86_05546	298	607	493	552
SMU86_05551	3945	6131	6708	8608
SMU86_05556	28470	70760	45274	63423
SMU86_05561	20391	51107	32731	46168
SMU86_05566	1398	2582	2195	2694
SMU86_05571	2376	4681	3958	4821
SMU86_05576	688	741	1128	1059
SMU86_05581	0	0	0	0
SMU86_05586	0	0	0	0
SMU86_05591	0	0	0	0
SMU86_05596	0	0	0	0
SMU86_05601	0	0	0	0
SMU86_05606	0	0	0	0
SMU86_05611	0	0	0	0
SMU86_05616	0	0	0	0
SMU86_05621	0	0	0	0
SMU86_05626	0	0	0	0
SMU86_05631	0	0	0	0
SMU86_05636	507	377	891	673
SMU86_05641	184	123	338	228
SMU86_05646	0	0	0	0
SMU86_05651	0	0	0	0
SMU86_05656	0	0	0	0
SMU86_05661	0	0	0	0
SMU86_05666	0	0	0	0
SMU86_05671	0	0	0	0
SMU86_05676	0	0	0	0
SMU86_05681	0	0	0	0
SMU86_05686	0	0	0	0
SMU86_05691	0	0	0	0
SMU86_05696	0	0	0	0
SMU86_05701	238	523	377	442
SMU86_05706	168	168	326	206
SMU86_05711	986	1463	2189	1758
SMU86_05716	0	0	0	0
SMU86_05721	96	96	244	158
SMU86_05726	315	291	654	496
SMU86_05731	402	388	914	650
SMU86_05736	241	159	510	312
SMU86_05741	1002	1347	2262	1806
SMU86_05746	171	189	386	272
SMU86_05751	75	119	136	121
SMU86_05756	1466	2228	2812	2590
SMU86_05761	4144	5875	7641	7296
SMU86_05766	1358	1263	2992	2092
SMU86_05771	1743	2251	4138	3060
SMU86_05776	3382	6756	7383	6438
SMU86_05781	76774	119526	143266	139211
SMU86_05786	335	170	444	539
SMU86_05791	2206	1410	3622	3292
SMU86_05798	84	46	3012	4671
SMU86_05803	5561	12098	16651	18448
SMU86_05808	10841	16670	19263	17211
SMU86_05813	3639	4911	6660	5911
SMU86_05818	2695	4068	4922	4477
SMU86_05823	5323	8697	10096	9133
SMU86_05828	1987	3313	3701	3255
SMU86_05833	505	763	793	771
SMU86_05838	419	620	726	674
SMU86_05843	874	539	1236	1151
SMU86_05848	527	245	674	582
SMU86_05853	1322	2506	2374	2357
SMU86_05858	2084	4003	3403	3615
SMU86_05863	925	1802	1700	1729
SMU86_05868	652	1270	1163	1226
SMU86_05873	236	545	443	493
SMU86_05878	14731	30611	22774	30328
SMU86_05883	7258	16031	11254	15133
SMU86_05888	560	937	977	1132
SMU86_05893	845	1550	1539	1482
SMU86_05898	2102	3999	3832	4050
SMU86_05903	2780	4925	4680	5335
SMU86_05908	4431	8334	8037	8688
SMU86_05913	3018	5067	5081	6583
SMU86_05918	3022	4674	5781	4753
SMU86_05923	2643	3246	3067	2867
SMU86_05928	2335	2919	2657	2817
SMU86_05933	149	135	323	237
SMU86_05938	189	188	431	260
SMU86_05943	663	468	1356	919
SMU86_05948	105	184	182	186
SMU86_05953	0	0	0	0
SMU86_05958	0	0	0	0
SMU86_05973	0	0	0	0
SMU86_05978	0	0	0	0
SMU86_05983	0	0	0	0
SMU86_05988	0	0	0	0
SMU86_05993	0	0	0	0
SMU86_05998	0	0	0	0
SMU86_06003	641	697	951	1040
SMU86_06008	1119	887	2015	1653
SMU86_06013	1679	830	3066	2119
SMU86_06018	1881	1072	3747	2444
SMU86_06023	3031	2434	5843	4387
SMU86_06028	2000	3869	3287	3654
SMU86_06033	7104	8114	14838	12002
SMU86_06038	7612	9468	15699	13074
SMU86_06043	1972	2423	3978	3268
SMU86_06048	8	5	5	5
SMU86_06053	9640	14872	20367	17113
SMU86_06058	2197	3705	4616	3894
SMU86_06063	1900	2701	3894	3281
SMU86_06068	12383	18598	26276	21864
SMU86_06073	8361	11158	18021	14316
SMU86_06078	4539	5089	9723	7583
SMU86_06083	4775	5204	10956	7846
SMU86_06088	1774	3732	3447	3971
SMU86_06093	2847	5069	5532	5533
SMU86_06098	5850	12690	10766	11564
SMU86_06103	3714	2878	2758	10318
SMU86_06108	10665	8145	7384	29766
SMU86_06113	463	471	971	851
SMU86_06118	598	592	1408	1167
SMU86_06123	1993	3826	3795	3487
SMU86_06128	98	75	183	106
SMU86_06133	1553	2349	2590	2392
SMU86_06138	5347	9173	8572	9556
SMU86_06143	1806	2745	2740	3353
SMU86_06148	9886	8872	21026	13358
SMU86_06153	4488	5306	7503	7392
SMU86_06158	3107	3204	5239	5334
SMU86_06163	3422	3734	5685	5887
SMU86_06168	5178	6508	8937	9175
SMU86_06173	6310	9001	11069	11232
SMU86_06178	5724	8176	9984	10265
SMU86_06183	2247	3534	4087	4179
SMU86_06188	423	694	824	790
SMU86_06193	2766	3638	4770	4583
SMU86_06198	1092	1459	1918	1941
SMU86_06203	1822	2245	3288	3166
SMU86_06208	4528	6170	8317	7807
SMU86_06213	2390	4317	3881	4417
SMU86_06218	0	0	0	0
SMU86_06223	0	0	0	0
SMU86_06228	0	0	0	0
SMU86_06233	0	0	0	0
SMU86_06238	0	0	0	0
SMU86_06243	0	0	0	0
SMU86_06248	0	0	0	0
SMU86_06253	0	0	0	0
SMU86_06258	0	0	0	0
SMU86_06263	0	0	0	0
SMU86_06268	0	0	0	0
SMU86_06273	0	0	0	0
SMU86_06278	0	0	0	0
SMU86_06283	0	0	0	0
SMU86_06288	0	0	0	0
SMU86_06293	0	0	0	0
SMU86_06298	2314	4610	4710	4497
SMU86_06303	39	13	74	49
SMU86_06308	105	22	214	98
SMU86_06313	681	703	1320	1048
SMU86_06318	591	663	1258	954
SMU86_06323	582	706	1187	959
SMU86_06328	1044	1248	1960	1805
SMU86_06333	266	341	508	468
SMU86_06338	16	101	42	64
SMU86_06343	3009	16273	7966	11561
SMU86_06348	1177	2477	2245	2577
SMU86_06353	1290	1924	2455	3339
SMU86_06358	2139	3527	3122	5180
SMU86_06363	153	307	265	312
SMU86_06368	374	745	709	708
SMU86_06373	320	522	584	544
SMU86_06378	184	304	375	387
SMU86_06383	403	798	877	868
SMU86_06388	120	98	216	158
SMU86_06393	1215	1866	2837	2061
SMU86_06398	280	253	503	428
SMU86_06403	201	130	193	308
SMU86_06408	2401	1124	1602	4663
SMU86_06413	5219	2427	3076	10716
SMU86_06418	8460	4362	5262	18683
SMU86_06423	0	0	0	0
SMU86_06428	0	0	0	0
SMU86_01020	5633	9910	11572	9034
SMU86_01025	11007	22563	19465	22889
SMU86_01030	41610	86638	73286	89124
SMU86_01035	17162	28687	25689	37472
SMU86_01040	247	236	391	415
SMU86_01045	486	434	793	851
SMU86_01050	448	328	669	725
SMU86_01055	196	85	238	221
SMU86_01060	280	127	402	397
SMU86_01065	9041	7122	15930	13701
SMU86_01070	3110	2352	5624	4536
SMU86_01075	3789	5452	6533	6552
SMU86_01080	2816	3122	5029	4849
SMU86_01085	1478	1295	2693	2248
SMU86_01090	3320	2923	6025	5070
SMU86_01095	3888	4234	7658	6230
SMU86_01100	9239	13335	14472	15340
SMU86_01105	6104	9145	9720	10245
SMU86_01110	8535	13225	13024	15193
SMU86_01115	1655	1526	2825	2747
SMU86_01120	1000	941	1591	1684
SMU86_01125	1240	1418	2102	2224
SMU86_01130	1501	1830	2446	2582
SMU86_01135	379	223	726	574
SMU86_01140	62	25	78	65
SMU86_01145	209	157	354	266
SMU86_01150	4227	6157	7661	8084
SMU86_01155	1165	2543	2146	2233
SMU86_01160	849	1730	1604	1520
SMU86_01165	10712	10039	18819	16900
SMU86_01170	6528	8622	12813	11472
SMU86_01175	119930	257771	187454	261186
SMU86_01180	0	0	0	0
SMU86_01185	0	0	0	0
SMU86_01190	0	0	0	0
SMU86_01195	0	0	0	0
SMU86_01200	0	0	0	0
SMU86_01205	0	0	0	0
SMU86_01210	13542	32356	22069	27842
SMU86_01215	4076	2800	7458	5420
SMU86_01220	3851	1942	7441	4850
SMU86_01225	1807	1026	3611	2277
SMU86_01230	1059	1373	2545	1740
SMU86_01235	2888	3267	5074	4995
SMU86_01240	1863	1645	3384	3326
SMU86_01245	14732	28065	25191	29606
SMU86_01250	443	365	854	749
SMU86_01255	922	950	1765	1708
SMU86_06433	9289	11990	15963	16907
SMU86_06438	7041	9302	12110	13314
SMU86_06443	1428	1619	2576	2643
SMU86_06448	2846	3946	4823	5367
SMU86_06453	3455	5575	6253	6159
SMU86_06458	4388	6602	8184	8006
SMU86_06463	2649	4357	5483	4566
SMU86_06468	86	134	145	138
SMU86_06473	4926	11502	8836	10451
SMU86_06478	2361	4338	4244	4240
SMU86_06483	2304	4006	4480	4007
SMU86_06488	575	1033	1090	972
SMU86_06493	1393	2015	2625	2411
SMU86_06498	5292	7643	9605	9042
SMU86_06503	2123	2969	4075	3635
SMU86_06516	13469	14609	22237	17909
SMU86_06521	6292	2891	10615	5082
SMU86_06526	1232	956	2069	1469
SMU86_06531	0	0	0	0
SMU86_06536	0	0	0	0
SMU86_06541	0	0	0	0
SMU86_06546	0	0	0	0
SMU86_06551	0	0	0	0
SMU86_06556	910	1440	1798	1853
SMU86_06561	9240	21002	15733	19836
SMU86_06566	494	864	856	1037
SMU86_06571	2846	4911	5081	5106
SMU86_06576	54	107	86	98
SMU86_06581	1483	2286	2945	2752
SMU86_06586	9456	16044	18295	17577
SMU86_06591	13939	26830	21703	27004
SMU86_06596	5933	11126	9247	11301
SMU86_06601	15437	34614	23497	31604
SMU86_06606	0	1	2	2
SMU86_06611	3336	5794	5806	6752
SMU86_06616	5655	11240	11583	11829
SMU86_06621	636	687	1275	1260
SMU86_06626	344	324	580	538
SMU86_06631	200	181	287	322
SMU86_06636	82	46	144	98
SMU86_06641	19	24	39	26
SMU86_06646	1382	2268	2069	2534
SMU86_06651	2439	3913	3827	4629
SMU86_06656	2360	3672	3955	4268
SMU86_06661	1522	2092	2380	2654
SMU86_06666	5719	7620	11166	9689
SMU86_06671	6848	11039	13204	12240
SMU86_06676	4969	5381	7137	10594
SMU86_06681	10292	11289	14539	22434
SMU86_06686	11905	12332	15909	24754
SMU86_06691	3727	3773	5130	7912
SMU86_06696	10845	11686	14271	22671
SMU86_06701	1008	1482	1558	1858
SMU86_06706	0	0	0	0
SMU86_06711	0	0	0	0
SMU86_06716	0	0	0	0
SMU86_06721	0	0	0	0
SMU86_06726	0	0	0	0
SMU86_06731	413	113	714	377
SMU86_06736	313	202	605	349
SMU86_06741	370	197	622	322
SMU86_06746	292	260	655	369
SMU86_06751	251	324	496	419
SMU86_06756	288	100	546	181
SMU86_06761	584	127	892	233
SMU86_06766	557	312	957	483
SMU86_06771	2193	4453	3788	4053
SMU86_06776	5463	6329	10081	9300
SMU86_06781	5090	6722	9261	9000
SMU86_06786	6360	10740	10967	11975
SMU86_06791	4004	5367	6982	6560
SMU86_06796	1249	1540	2141	2177
SMU86_06801	2701	3053	4757	4322
SMU86_06806	3073	3591	5113	5063
SMU86_06811	3256	3805	5570	5178
SMU86_06816	2942	3164	5153	4721
SMU86_06821	353	345	633	596
SMU86_06826	63	63	119	80
SMU86_06831	622	940	1016	1075
SMU86_06836	482	770	737	802
SMU86_06841	98	183	200	225
SMU86_06846	173	306	269	337
SMU86_06851	51	90	77	95
SMU86_06856	13	9	19	21
SMU86_06861	0	0	0	0
SMU86_06866	0	0	0	0
SMU86_06871	0	0	0	0
SMU86_06876	0	0	0	0
SMU86_06881	0	0	0	0
SMU86_06886	0	0	0	0
SMU86_06891	0	0	0	0
SMU86_06896	0	0	0	0
SMU86_06901	1390	1574	2166	2308
SMU86_06906	670	914	1217	1341
SMU86_06911	3226	3234	5278	4357
SMU86_06916	22958	16049	34422	23682
SMU86_06921	3189	1274	4591	2768
SMU86_06926	3243	1705	4935	3314
SMU86_06931	9147	7445	13660	11334
SMU86_06936	2632	2600	4114	3779
SMU86_06941	3137	5347	6227	5913
SMU86_06946	4170	6479	7764	7018
SMU86_06951	4123	5864	7929	7009
SMU86_06956	2735	4173	5113	4944
SMU86_06961	1718	2418	3208	2921
SMU86_06966	1209	1304	2262	1895
SMU86_06971	7397	11466	14539	12248
SMU86_06976	1378	1961	2948	2348
SMU86_06981	3276	5332	7225	5778
SMU86_06986	5229	12188	8635	10292
SMU86_06991	434	742	820	880
SMU86_06996	682	1281	1368	1375
SMU86_01260	0	0	0	0
SMU86_01265	4581	5647	8683	7658
SMU86_01270	19756	21407	36654	31413
SMU86_01275	7278	9307	13391	11845
SMU86_01280	6049	9403	11316	10620
SMU86_01285	2908	4741	5180	4926
SMU86_01290	1480	541	2633	1553
SMU86_01295	1503	829	2883	1900
SMU86_01300	735	1349	1315	1448
SMU86_01305	818	699	1516	1330
SMU86_01310	7178	14494	15732	14047
SMU86_01315	1537	3089	3542	2907
SMU86_01320	487	920	1185	944
SMU86_01325	457	614	693	639
SMU86_01330	328	391	574	467
SMU86_01335	1026	1738	1854	1695
SMU86_01340	1043	2045	1949	1861
SMU86_01345	425	804	821	807
SMU86_01350	12358	29523	19513	28964
SMU86_01355	1274	2488	2397	2643
SMU86_01360	3350	4366	4913	6323
SMU86_01365	1085	1245	1471	1940
SMU86_01370	23297	38993	45033	42048
SMU86_01375	312	440	694	560
SMU86_01380	22189	40517	29558	45718
SMU86_01385	15119	25957	20799	30968
SMU86_01390	14032	26219	29999	30117
SMU86_01395	1838	3206	3358	3539
SMU86_01400	4707	3497	7499	7205
SMU86_01405	27804	53911	50805	52368
SMU86_01410	25752	48004	44424	49145
SMU86_01415	1269	2078	2201	2403
SMU86_01420	8094	14498	14159	15923
SMU86_01425	5070	6159	7517	7877
SMU86_01430	3004	998	7977	1862
SMU86_01435	18842	27348	32801	33172
SMU86_01440	40612	55615	64344	69882
SMU86_01445	5552	7411	8530	9939
SMU86_01450	0	0	0	0
SMU86_01455	0	0	0	0
SMU86_01460	7456	8622	11832	12389
SMU86_01465	20452	22907	31586	33988
SMU86_01470	41741	45706	65307	68210
SMU86_01475	28018	28506	43389	44806
SMU86_01480	12905	11325	19177	19844
SMU86_01485	18801	16297	28281	28223
SMU86_01490	20579	17509	30769	31798
SMU86_01495	22185	18222	33836	33333
SMU86_01500	29366	27272	44112	47147
SMU86_01505	18313	18980	28685	29939
SMU86_01510	34455	35139	51574	55590
SMU86_01515	36167	42782	55482	61058
SMU86_01520	21272	29191	33139	37706
SMU86_01525	33351	47757	52547	60406
SMU86_01530	15442	22986	24094	28846
SMU86_01535	22397	36643	35302	42929
SMU86_01540	62212	103709	96744	121312
SMU86_01545	5503	5862	9316	8453
SMU86_01550	16898	16934	26506	25675
SMU86_01555	14630	14991	23659	22429
SMU86_01560	23924	25823	37324	37732
SMU86_01565	17793	20255	26066	28182
SMU86_01570	45146	57167	69779	72505
SMU86_01575	18230	24056	28187	30100
SMU86_01580	2818	1349	4532	3186
SMU86_07003	805	650	1279	1461
SMU86_07008	3920	4584	6741	6911
SMU86_07013	5116	3768	9015	8286
SMU86_07018	134	72	268	195
SMU86_07023	32	20	58	58
SMU86_07028	154	62	224	197
SMU86_07033	3184	1414	4721	4530
SMU86_07038	2889	1401	4273	4425
SMU86_07043	3084	2186	4411	4851
SMU86_07048	2699	2641	4059	4849
SMU86_07053	1496	2518	2295	2798
SMU86_07058	1983	3317	3059	3841
SMU86_07063	863	1266	1206	1590
SMU86_07068	785	1119	1169	1949
SMU86_07073	5226	10787	8350	10213
SMU86_07078	5459	9725	8259	10293
SMU86_07083	185	313	326	345
SMU86_07088	3828	3244	6751	5708
SMU86_07093	15364	8881	30152	20152
SMU86_07098	220	89	288	175
SMU86_07103	1078	1381	1734	1727
SMU86_07108	673	623	1440	1020
SMU86_07113	551	430	925	832
SMU86_07118	3154	5426	6334	5660
SMU86_07123	547	268	1127	814
SMU86_07128	549	293	1059	817
SMU86_07133	13904	15488	21961	27369
SMU86_07138	6497	9375	10080	13697
SMU86_07143	9014	13704	13628	18313
SMU86_07148	8416	13961	12790	17188
SMU86_07153	8838	15194	13098	17421
SMU86_07158	4124	6609	6467	8024
SMU86_07163	1497	1664	2849	2405
SMU86_07168	2646	2638	4983	4244
SMU86_07173	2704	2959	4932	4431
SMU86_07178	1506	1907	2957	2619
SMU86_07183	2428	3430	4893	4302
SMU86_07188	4507	9973	16338	5968
SMU86_07193	2011	4007	7617	2660
SMU86_07198	8759	16724	21823	14366
SMU86_07203	1732	3284	4391	2811
SMU86_07208	5165	9577	12600	8470
SMU86_07213	10061	20416	25969	16885
SMU86_07218	4657	10136	11808	7777
SMU86_07223	2695	5802	6463	4569
SMU86_07228	1093	1513	1297	2854
SMU86_07233	2423	3181	3188	6023
SMU86_07238	146	170	185	233
SMU86_07243	941	1802	1354	1864
SMU86_07248	1155	2002	1657	2379
SMU86_07253	2293	2057	3464	4784
SMU86_07258	2252	279	3752	652
SMU86_07263	434	107	632	216
SMU86_07268	727	198	1246	443
SMU86_07273	7867	8125	14393	15530
SMU86_07278	357	389	538	709
SMU86_07283	7469	11654	12290	13983
SMU86_07288	498	701	878	844
SMU86_07293	1695	2233	2892	2820
SMU86_07298	6208	7804	10994	10250
SMU86_07303	2190	2534	3926	3729
SMU86_07308	1455	1525	2398	2301
SMU86_07313	2776	4027	5277	4864
SMU86_07318	837	738	1539	1317
SMU86_07323	5585	10575	10254	11336
SMU86_07328	410	698	668	842
SMU86_07333	27703	59125	52638	53506
SMU86_07338	36505	77839	69508	71158
SMU86_07343	6650	12110	11768	12562
SMU86_07348	1044	1229	1942	1726
SMU86_07353	24538	31158	44039	41548
SMU86_07358	3532	6218	6748	6851
SMU86_07363	3119	4950	5493	5714
SMU86_07368	2130	3581	3456	4285
SMU86_07373	2139	2698	3624	3662
SMU86_07378	1919	2552	3040	3326
SMU86_07383	5054	9469	9020	9451
SMU86_07388	5661	9448	9687	10157
SMU86_07393	6124	7800	10325	9816
SMU86_07398	1614	1156	2748	2201
SMU86_07403	1949	1890	3030	3183
SMU86_07408	3937	4131	6235	7138
SMU86_07413	9344	11157	15065	17982
SMU86_07418	448	583	753	912
SMU86_07423	2458	3836	4527	4272
SMU86_07428	1540	2178	2480	2166
SMU86_07433	726	653	1258	1013
SMU86_07438	1514	822	2636	1705
SMU86_07443	1688	846	3227	1910
SMU86_07448	6730	12946	20283	10025
SMU86_07453	19289	34089	55937	27105
SMU86_07458	6183	8272	18112	7695
SMU86_07463	1980	2502	5831	2244
SMU86_07468	12069	2840	33598	6246
SMU86_07473	1629	445	4559	851
SMU86_07478	20545	6862	60518	16370
SMU86_07483	264	90	393	250
SMU86_07488	1105	1088	1762	1656
SMU86_07493	1013	931	1645	1426
SMU86_07498	305	125	476	396
SMU86_07503	3536	2669	5492	5104
SMU86_07508	0	0	0	0
SMU86_07513	0	0	0	0
SMU86_07518	0	0	0	0
SMU86_07523	0	0	0	0
SMU86_07528	0	0	0	0
SMU86_07533	690	811	1251	1159
SMU86_07538	733	788	1388	1262
SMU86_07543	2167	2288	3813	3508
SMU86_07548	510	231	861	525
SMU86_07553	3673	1758	8011	5900
SMU86_07558	1392	797	3252	2246
SMU86_07565	90	206	254	196
SMU86_07570	1401	1959	2544	2211
SMU86_07575	7988	12741	13791	14380
SMU86_07580	3901	6304	5994	7029
SMU86_07585	4491	7432	6875	8102
SMU86_07590	5528	9612	8975	10224
SMU86_07595	5246	9360	8366	9700
SMU86_07600	836	955	987	1957
SMU86_07605	6098	9098	10853	10384
SMU86_07610	5423	8136	9388	9284
SMU86_07615	894	1876	1952	1646
SMU86_07620	471	912	1007	854
SMU86_07625	2006	4173	4665	3795
SMU86_07630	840	1465	1662	1382
SMU86_07635	611	1166	1272	1122
SMU86_07640	716	1389	1420	1306
SMU86_07645	0	0	0	0
SMU86_07650	0	0	0	0
SMU86_07655	0	0	0	0
SMU86_07660	0	0	0	0
SMU86_07665	0	0	0	0
SMU86_07670	2591	2146	6805	3456
SMU86_07675	2781	2790	7567	4074
SMU86_07680	4694	4947	12594	7289
SMU86_07685	4068	4439	10475	6446
SMU86_07690	4950	5924	13487	8385
SMU86_07695	4624	6827	10156	8357
SMU86_07700	859	1130	1840	1504
SMU86_07705	1929	3708	4175	3955
SMU86_07710	5281	7791	9471	8586
SMU86_07715	1652	2350	2896	2668
SMU86_07730	237	18	474	57
SMU86_07735	946	1979	1914	2118
SMU86_07740	1087	2245	2156	2648
SMU86_07745	201	433	500	491
SMU86_07750	110	84	186	174
SMU86_07755	242	215	493	480
SMU86_07760	41	26	97	75
SMU86_07765	75	38	131	113
SMU86_07770	203	146	338	279
SMU86_07775	1148	646	1671	1658
SMU86_07780	1658	2584	2766	3442
SMU86_07785	757	1409	1315	1344
SMU86_07790	6338	10954	9572	13569
SMU86_07795	2152	2956	3371	4139
SMU86_07800	6896	11196	12890	12685
SMU86_07805	9394	13992	17322	16857
SMU86_07810	1673	2997	3185	3272
SMU86_07815	6032	11315	11647	12174
SMU86_07820	254	298	496	389
SMU86_07825	144	167	284	309
SMU86_07830	1018	1795	2285	1948
SMU86_07835	7337	13463	16067	13494
SMU86_07840	411	627	725	730
SMU86_07845	1274	2503	2424	2490
SMU86_07850	0	0	0	0
SMU86_07855	0	0	0	0
SMU86_07860	0	0	0	0
SMU86_07865	0	0	0	0
SMU86_07870	0	0	0	0
SMU86_07875	0	0	0	0
SMU86_07880	132	266	359	217
SMU86_07885	867	1516	2187	1418
SMU86_07890	396	648	1012	612
SMU86_07895	8990	20746	24240	16990
SMU86_07900	7542	13695	13922	13989
SMU86_07905	153	159	280	275
SMU86_07910	3024	4596	6091	5512
SMU86_07915	4493	6886	8464	7753
SMU86_07920	4178	6248	7969	6769
SMU86_07925	1113	414	2260	1078
SMU86_07930	1446	400	3095	1286
SMU86_07935	4253	3434	8240	5803
SMU86_07940	2312	1423	4515	3573
SMU86_07945	7668	4685	15144	11284
SMU86_07950	9321	3874	16214	12126
SMU86_07955	3435	2355	6811	4861
SMU86_07960	2155	1639	4492	3241
SMU86_07965	2315	1499	4784	3075
SMU86_07970	3191	1224	6792	3563
SMU86_07975	518	916	1186	991
SMU86_07980	6481	10637	14719	11565
SMU86_07985	1336	1305	3123	2034
SMU86_07990	1287	812	2930	1641
SMU86_07995	43	21	112	31
SMU86_08000	41	21	121	33
SMU86_08005	690	639	1316	1068
SMU86_08010	4183	5962	8189	6850
SMU86_08015	1939	1103	3416	2629
SMU86_08020	4890	3742	8616	7070
SMU86_08025	4164	4391	7569	6517
SMU86_08030	508	204	694	888
SMU86_08035	1386	1077	2837	1792
SMU86_08040	3127	899	5630	3016
SMU86_08045	3300	1473	6235	3794
SMU86_08050	3196	2376	6220	4150
SMU86_08055	4580	5197	8598	7092
SMU86_08060	1587	1482	2572	1952
SMU86_08065	767	706	1328	1063
SMU86_08070	909	767	1609	1386
SMU86_08075	1125	615	1988	1505
SMU86_08080	1085	454	1689	1317
SMU86_08085	1299	594	2130	1659
SMU86_08090	813	987	1135	1589
SMU86_08095	2061	2647	2913	3984
SMU86_08100	561	529	766	888
SMU86_08115	4	2	3	5
SMU86_08120	1	3	4	4
SMU86_08125	2	1	5	12
SMU86_08130	360	97	497	252
SMU86_08135	141	18	199	53
SMU86_08140	97	28	138	77
SMU86_08145	123	49	184	118
SMU86_08150	339	342	6867	12504
SMU86_08155	101	58	2406	3938
SMU86_08160	301	143	6534	10725
SMU86_08165	0	0	0	0
SMU86_08170	0	0	0	0
SMU86_08175	0	0	0	0
SMU86_08180	133	100	298	168
SMU86_08185	946	2254	2020	1897
SMU86_08190	4038	4485	7278	6509
SMU86_08195	5459	5740	9851	8679
SMU86_01589	75	52	208	121
SMU86_01594	22	22	71	38
SMU86_01599	73	55	197	89
SMU86_01604	3253	3728	5301	5326
SMU86_01609	248	187	374	372
SMU86_01614	336	231	506	489
SMU86_01619	24	5	31	23
SMU86_01624	38	14	61	36
SMU86_01629	937	309	1554	830
SMU86_01634	632	182	1128	572
SMU86_01639	545	152	983	570
SMU86_01644	556	126	865	515
SMU86_01649	629	158	1044	712
SMU86_01654	475	237	867	584
SMU86_01659	440	260	766	544
SMU86_01664	1445	1870	2483	2309
SMU86_01669	12151	21095	21016	22793
SMU86_01674	2633	6406	5583	4878
SMU86_01679	6073	14201	13878	10563
SMU86_01684	17942	36745	41677	31416
SMU86_01689	25262	64203	64567	45869
SMU86_01694	4056	11280	11262	7503
SMU86_01699	492	788	998	835
SMU86_01704	12861	26954	23051	24163
SMU86_01709	104916	235677	168959	229953
SMU86_01714	72826	135447	114669	140317
SMU86_01719	22274	42520	36037	42746
SMU86_01724	26603	50770	40874	46633
SMU86_01729	916	1057	1752	1462
SMU86_01734	3016	2678	5353	4052
SMU86_01739	4100	2382	7504	5230
SMU86_01744	2510	1913	4639	3548
SMU86_01749	2876	2774	5010	4382
SMU86_01754	2832	2932	4970	4483
SMU86_01759	1454	2588	2481	3127
SMU86_01764	3768	6534	6276	7879
SMU86_01769	1476	2586	2625	3030
SMU86_01774	1188	1994	2121	2125
SMU86_01779	1144	1819	2154	2119
SMU86_01784	1192	1775	2076	1998
SMU86_01789	1349	1998	2452	2169
SMU86_01794	1802	2794	3184	3206
SMU86_01799	1859	2824	3062	3156
SMU86_01804	941	2132	1522	2009
SMU86_01809	4851	10287	8673	10033
SMU86_01814	2410	2195	4353	3838
SMU86_01819	4703	3676	8459	7150
SMU86_01824	3636	3560	6316	5613
SMU86_01829	1442	1447	2568	2300
SMU86_01834	1853	3179	2825	3371
SMU86_01839	2344	4341	3336	4192
SMU86_01844	5804	3336	9823	8355
SMU86_01849	2041	2840	3428	3775
SMU86_01854	2196	3113	3724	3968
SMU86_01859	3679	5236	6170	6749
SMU86_01864	4254	5415	7584	8486
SMU86_01869	3198	4320	5485	6490
SMU86_01874	3656	5468	6077	6884
SMU86_01879	998	1551	1620	1854
SMU86_01884	1049	1705	1655	1885
SMU86_01889	82	82	120	154
SMU86_01894	4288	6900	9490	7520
SMU86_01899	5303	8031	11795	9226
SMU86_01904	1745	3002	3532	3385
SMU86_01909	1561	2731	3175	2875
SMU86_01914	5217	11449	8943	10525
SMU86_08200	102	112	219	297
SMU86_08205	1107	4035	1730	4004
SMU86_08210	1445	1347	2615	2301
SMU86_08215	2329	2210	3982	3677
SMU86_08220	1811	2047	2959	2966
SMU86_08225	2167	2558	3611	3587
SMU86_08230	3376	4222	5793	5827
SMU86_08235	2436	2703	4128	3920
SMU86_08240	2704	4003	4453	4699
SMU86_08245	3112	4419	4961	5340
SMU86_08250	5605	8148	8730	9541
SMU86_08255	4110	5391	6643	7261
SMU86_08260	8669	11259	14049	15181
SMU86_08265	7145	11019	11512	13009
SMU86_08270	5608	9229	9198	11196
SMU86_08275	0	0	0	0
SMU86_08280	0	0	0	0
SMU86_08285	0	0	0	0
SMU86_08290	0	0	0	0
SMU86_08295	0	0	0	0
SMU86_08300	0	0	0	0
SMU86_08305	0	0	0	0
SMU86_08310	0	0	0	0
SMU86_08315	0	0	0	0
SMU86_08320	0	0	0	0
SMU86_08325	0	0	0	0
SMU86_08330	0	0	0	0
SMU86_08335	0	0	0	0
SMU86_08340	0	0	0	0
SMU86_08345	0	0	0	0
SMU86_08350	0	0	0	0
SMU86_08355	0	0	0	0
SMU86_08360	0	0	0	0
SMU86_08365	0	0	0	0
SMU86_08370	0	0	0	0
SMU86_08375	0	0	0	0
SMU86_08380	0	0	0	0
SMU86_08385	0	0	0	0
SMU86_08390	0	0	0	0
SMU86_08395	0	0	0	0
SMU86_08400	0	0	0	0
SMU86_08405	0	0	0	0
SMU86_08410	0	0	0	0
SMU86_08415	0	0	0	0
SMU86_08420	0	0	0	0
SMU86_08425	0	0	0	0
SMU86_08430	0	0	0	0
SMU86_08435	0	0	0	0
SMU86_08440	0	0	0	0
SMU86_08445	0	0	0	0
SMU86_08450	0	0	0	0
SMU86_08455	0	0	0	0
SMU86_08460	0	0	0	0
SMU86_08465	21	24	58	45
SMU86_08470	0	0	2	0
SMU86_08475	0	0	0	0
SMU86_08480	0	0	0	0
SMU86_08485	0	0	0	0
SMU86_08490	0	0	0	0
SMU86_08495	772	1637	1571	1579
SMU86_08500	1593	3030	3076	2930
SMU86_08505	644	1028	995	1123
SMU86_08510	1297	2274	2107	2418
SMU86_08515	181	197	290	273
SMU86_08520	329	356	506	461
SMU86_08525	218	221	348	309
SMU86_08530	860	1266	1345	1580
SMU86_08535	6205	9875	10334	12589
SMU86_08540	10247	15346	17386	21254
SMU86_08545	955	1310	1595	1975
SMU86_08550	21446	38561	42470	34107
SMU86_08555	10874	18072	21962	16835
SMU86_08560	12802	23208	26605	20450
SMU86_08565	5183	9581	8382	9506
SMU86_08570	945	227	1285	379
SMU86_08575	890	780	1441	1210
SMU86_08580	1908	1842	2821	2195
SMU86_08585	3559	3161	4897	4917
SMU86_08590	8016	16668	10365	17258
SMU86_08595	10046	21347	12677	20368
SMU86_08600	8716	18235	10787	18247
SMU86_08605	2515	3741	4217	4553
SMU86_08610	3200	2017	6179	4248
SMU86_08615	2034	2666	3666	3401
SMU86_08620	2984	4074	5357	5027
SMU86_08625	2223	1943	3952	3203
SMU86_08630	2758	2755	4844	3989
SMU86_08635	6009	6627	12157	9549
SMU86_08640	3643	4671	6594	8469
SMU86_08645	4030	5978	6952	9220
SMU86_08650	1119	1165	1849	2150
SMU86_08655	114	74	224	145
SMU86_08660	1725	2569	3180	2747
SMU86_08665	20918	40884	35004	42177
SMU86_08670	40793	83263	66104	79149
SMU86_08675	15782	32217	26313	31015
SMU86_08680	869	767	1337	1526
SMU86_08685	2389	2711	5070	3956
SMU86_08690	507	524	923	944
SMU86_08695	1236	1541	2170	2243
SMU86_08700	1068	1381	1814	1975
SMU86_08705	4202	4149	7630	6166
SMU86_08710	6124	8754	12330	10533
SMU86_08715	36244	57088	61145	69062
SMU86_08720	50299	86150	85608	95724
SMU86_08725	480	455	519	1274
SMU86_08730	830	159	1470	741
SMU86_08735	808	128	1223	697
SMU86_08740	291	44	487	287
SMU86_08745	375	68	677	382
SMU86_08750	312	43	504	271
SMU86_08755	340	65	550	378
SMU86_08760	399	86	676	438
SMU86_08765	1597	1283	2510	2461
SMU86_08770	5509	8910	9459	10153
SMU86_08775	2559	2177	4086	4083
SMU86_08780	3027	2935	4954	5254
SMU86_08785	3332	4567	5650	6348
SMU86_08790	1625	836	3308	1886
SMU86_08795	512	191	950	564
SMU86_08800	13769	16553	25192	29700
SMU86_08805	227	265	321	387
SMU86_08810	1162	2664	2270	2348
SMU86_08815	3019	6702	4851	5735
SMU86_08820	3061	6845	5018	5743
SMU86_08825	1736	3583	4064	2557
SMU86_08830	6705	16735	16288	10211
SMU86_08835	584	1671	1490	921
SMU86_08840	168	293	337	353
SMU86_08845	207	384	354	446
SMU86_08850	213	301	308	374
SMU86_08855	10894	22869	16725	27647
SMU86_08860	8839	12870	12184	18527
SMU86_08865	13129	15199	18048	23865
SMU86_08870	2444	4757	4207	4690
SMU86_08875	888	1840	1460	1673
SMU86_08880	575	1001	924	1127
SMU86_08885	6303	14812	9112	12729
SMU86_08890	7974	17587	11060	15878
SMU86_08895	5834	4189	10020	7238
SMU86_08900	4351	2193	7190	5140
SMU86_08905	7477	4076	12726	8815
SMU86_08910	219	422	426	488
SMU86_08915	277	420	415	439
SMU86_08920	364	582	619	654
SMU86_08925	449	798	857	894
SMU86_08930	10106	16657	21979	19182
SMU86_08935	2631	4545	5746	4955
SMU86_08940	902	2121	1503	1807
SMU86_08945	2069	3229	3695	3707
SMU86_08950	1151	1902	1998	2188
SMU86_08955	1199	1590	2052	2131
SMU86_08960	2839	5745	6256	5413
SMU86_08965	2626	5409	5723	5091
SMU86_08970	2526	4994	5616	4845
SMU86_08975	11783	22461	20061	21343
SMU86_08980	678	1843	993	1987
SMU86_08985	630	1371	1363	2174
SMU86_08990	197	253	373	448
SMU86_08995	268	408	470	654
SMU86_09000	331	580	659	869
SMU86_09005	156	310	346	399
SMU86_09010	38	61	89	77
SMU86_09015	108	217	247	252
SMU86_09020	1280	2852	2259	2619
SMU86_09025	5220	9292	7746	10835
SMU86_09030	1366	2173	2128	2668
SMU86_09035	1762	2861	2811	3430
SMU86_09040	9389	4819	16089	8640
SMU86_09045	1122	918	1866	1342
SMU86_09050	4944	5948	7671	8599
SMU86_09055	7109	7846	10450	12184
SMU86_09060	3505	3378	5526	6192
SMU86_09065	4860	7550	8888	8013
SMU86_09070	4939	8381	9039	8349
SMU86_09075	5132	9962	9516	8840
SMU86_09080	4430	9803	8421	7986
SMU86_09085	1699	2627	2826	3274
SMU86_09090	665	1115	1255	1441
SMU86_09095	3848	6281	6693	7662
SMU86_09100	233	319	460	382
SMU86_09105	4545	9050	7810	9320
SMU86_09110	17675	33920	31165	36323
SMU86_09115	11447	19508	20589	22616
SMU86_09120	17791	27124	31018	34402
SMU86_09125	5689	6349	10016	10428
SMU86_09130	5911	6987	10667	10804
SMU86_09135	8550	11760	14150	15707
SMU86_09140	2753	4263	4271	4945
SMU86_09145	4938	8546	8816	10279
SMU86_09150	1999	3414	3859	4270
SMU86_09155	1399	2152	2768	3209
SMU86_09160	1677	2532	3250	3754
SMU86_09165	2951	5151	5379	7009
SMU86_09170	618	1147	1084	1444
SMU86_09175	8495	9048	14463	13515
SMU86_09180	3233	3747	5692	5668
SMU86_09185	4972	6865	8709	9078
SMU86_09190	2638	4563	3559	5336
SMU86_09195	377	692	839	706
SMU86_09200	818	1604	1517	1596
SMU86_09205	1612	3172	3038	2945
SMU86_09210	271	384	473	469
SMU86_09215	272	340	517	441
SMU86_09220	200	261	339	318
SMU86_09225	98	115	145	142
SMU86_09230	77	75	144	115
SMU86_09235	2588	4560	5092	5067
SMU86_09240	2778	5183	5339	5093
SMU86_09245	1524	2143	2678	2534
SMU86_09250	449	502	825	758
SMU86_09255	139	259	264	268
SMU86_09260	976	1302	2055	2069
SMU86_09265	1159	1584	2336	2401
SMU86_09270	3264	5759	6696	7854
SMU86_09275	2726	3466	4605	5344
SMU86_09280	3334	4502	4785	6331
SMU86_09285	1419	2163	1825	3129
SMU86_09290	408	734	682	758
SMU86_09295	1176	2262	2188	2342
SMU86_09300	436	965	843	911
SMU86_09305	1491	2750	3102	2814
SMU86_09310	3228	5777	7060	6372
SMU86_09315	1363	2112	2505	2322
SMU86_09320	793	1374	1666	1597
SMU86_09325	959	1236	1109	2191
SMU86_09330	1373	1784	1653	3249
SMU86_09335	6020	13558	10798	12015
SMU86_09340	122	190	187	218
SMU86_09345	315	489	576	565
SMU86_09350	490	561	832	803
SMU86_09355	3852	3118	6733	5593
SMU86_09360	5099	6221	8620	7955
SMU86_01923	620	494	1266	973
SMU86_01928	350	222	722	517
SMU86_01933	917	491	1608	1462
SMU86_01938	151	107	266	253
SMU86_01943	586	1200	1009	1103
SMU86_01948	12847	28620	20719	25495
SMU86_01953	9927	10340	20286	14467
SMU86_01958	3781	5911	8020	6465
SMU86_01963	2973	6427	5294	6082
SMU86_01968	871	1710	1696	1559
SMU86_01973	1368	2753	2095	2666
SMU86_01978	2056	2611	3485	3241
SMU86_01983	1109	165	1965	472
SMU86_01988	1911	317	3115	850
SMU86_01993	1177	888	2013	1100
SMU86_01998	3089	6975	5347	6260
SMU86_02003	919	1262	2527	3081
SMU86_09365	618	605	1178	980
SMU86_09370	2992	6366	5320	6100
SMU86_09375	6435	7330	12028	9379
SMU86_09380	1128	672	2145	1256
SMU86_09385	0	0	0	0
SMU86_09390	3228	2630	5570	3924
SMU86_09395	1139	2175	2046	2233
SMU86_09400	4894	8349	8681	9235
SMU86_09405	2794	4513	4950	5337
SMU86_09410	1528	2662	2877	3038
SMU86_09415	1191	2334	2426	2429
SMU86_09420	558	556	842	1057
SMU86_09425	760	1092	1554	1283
SMU86_09430	315	478	613	580
SMU86_09435	978	1997	2004	2061
SMU86_09440	175	247	280	384
SMU86_09445	130	210	250	344
SMU86_09450	136	257	285	429
SMU86_09455	424	904	765	1039
SMU86_09460	1141	1925	1801	2601
SMU86_09465	5357	9131	10375	10271
SMU86_09470	3084	3682	6431	5587
SMU86_09475	2098	2872	4234	3761
SMU86_09480	3696	6987	6478	6588
SMU86_09485	2450	4901	4569	4553
SMU86_09490	502	715	15499	29502
SMU86_09495	516	656	15868	31207
SMU86_09500	439	305	16177	25837
SMU86_09505	249	127	8046	12715
SMU86_09510	557	548	969	858
SMU86_09515	802	990	1377	1363
SMU86_09520	490	263	1029	762
SMU86_09525	0	0	0	0
SMU86_09530	0	0	0	0
SMU86_09535	0	0	0	0
SMU86_09540	105	175	494	1262
SMU86_09545	1994	1360	1283	5688
SMU86_09550	5087	8375	9432	11563
SMU86_09555	4648	6684	8706	10425
SMU86_09560	902	952	1641	1857
SMU86_09565	408	743	642	861
SMU86_09570	390	702	589	791
SMU86_09575	752	1256	1156	1494
SMU86_09580	558	974	892	1053
SMU86_09585	448	881	715	886
SMU86_09590	14142	30159	22490	30843
SMU86_09600	34656	68161	59139	68470
SMU86_09605	18527	12484	35554	33235
SMU86_09610	129	55	252	157
SMU86_09615	602	296	968	737
SMU86_09620	528	495	793	756
SMU86_09625	111	115	151	189
SMU86_09630	85	85	99	137
SMU86_09635	90	129	187	173
SMU86_09640	943	2418	2371	2205
SMU86_09645	780	1948	1908	1753
SMU86_09650	635	1229	1178	1246
SMU86_02008	0	0	0	0
SMU86_02013	0	0	0	0
SMU86_02018	0	0	0	0
SMU86_02023	0	0	0	0
SMU86_02028	0	0	0	0
SMU86_02033	0	0	0	0
SMU86_02038	0	0	0	0
SMU86_02043	0	0	0	0
SMU86_02048	0	0	0	0
SMU86_02053	0	0	0	0
SMU86_02058	0	0	0	0
SMU86_02063	0	0	0	0
SMU86_02068	0	0	0	0
SMU86_02073	0	0	0	0
SMU86_02078	0	0	0	0
SMU86_02083	0	0	0	0
SMU86_02088	0	0	0	0
SMU86_02093	0	0	0	0
SMU86_02098	0	0	0	0
SMU86_09655	636	742	791	1335
SMU86_09660	0	0	0	0
SMU86_09665	0	0	0	0
SMU86_09670	0	0	0	0
SMU86_09675	0	0	0	0
SMU86_09685	1378	1949	2543	2399
SMU86_09690	892	1086	1603	1480
SMU86_09695	1487	1852	2609	2600
SMU86_09700	1035	1238	1868	1837
SMU86_09705	433	568	802	822
SMU86_09710	203	231	312	290
SMU86_09715	1265	1597	2134	2111
SMU86_09720	570	766	1117	974
SMU86_09725	347	417	650	554
SMU86_09730	450	331	772	550
SMU86_09735	287	174	434	334
SMU86_09740	433	303	793	605
SMU86_09745	644	434	1133	891
SMU86_09750	1008	794	1928	1712
SMU86_09755	658	634	1276	1115
SMU86_09760	1598	1670	2532	2670
SMU86_09765	650	632	1096	1061
SMU86_09770	1526	2700	2531	3050
SMU86_09775	788	843	1720	1235
SMU86_09780	306	283	608	420
SMU86_09785	691	390	1416	855
SMU86_09790	470	135	1033	442
SMU86_09795	124	84	1973	3906
SMU86_09800	91	81	1793	3170
SMU86_09805	10	8	11	19
SMU86_09810	975	1809	1889	2118
SMU86_09815	31512	57011	48012	65252
SMU86_09820	187	236	307	376
SMU86_09825	160	293	265	303
SMU86_09830	143	253	180	247
SMU86_09835	55	85	82	102
SMU86_09840	51	57	87	76
SMU86_09845	4648	9472	9702	8565
SMU86_09850	51	41	98	70
SMU86_09855	1290	1684	2418	2127
SMU86_09860	7318	7030	13305	11371
SMU86_09865	13662	11188	25008	21293
SMU86_09872	0	0	0	0
SMU86_09877	13	30	14	28
SMU86_09882	58	117	89	123
SMU86_09887	828	1368	1344	1564
SMU86_09892	804	1175	1226	1523
SMU86_09897	659	988	1081	1288
SMU86_09902	1102	1732	1814	2184
SMU86_09907	758	1177	1218	1331
SMU86_09912	682	1036	1011	1255
SMU86_09917	453	760	815	907
SMU86_09922	675	1049	1176	1296
SMU86_09927	381	77	270	807
SMU86_09932	412	91	261	871
SMU86_02103	207	297	397	378
SMU86_02108	9181	13813	14487	16505
SMU86_02113	14865	5611	24766	15436
SMU86_02118	15604	5256	25401	15529
SMU86_02123	4579	1944	7168	5273
SMU86_02128	11803	7741	19249	14485
SMU86_02133	12257	9212	19686	16505
SMU86_02138	18815	21026	29183	29443
SMU86_02143	11854	17281	19937	20416
SMU86_02148	2670	486	3563	999
SMU86_02153	2744	1049	3858	1454
SMU86_02158	2795	2048	4762	2564
SMU86_02163	2294	3004	4312	4070
SMU86_02168	19064	25327	33221	33539
SMU86_02173	2445	4864	4065	5210
SMU86_02178	3711	7020	6047	7741
SMU86_02183	872	1219	1390	1573
SMU86_02188	7233	10456	13845	19303
SMU86_02193	137	54	219	81
SMU86_02198	1347	1804	2206	2372
SMU86_02203	2149	2642	3335	3523
SMU86_02208	1101	1097	1527	1648
SMU86_02213	1151	1142	1780	1826
SMU86_02218	1658	1376	2436	2572
SMU86_02223	888	771	1322	1443
SMU86_02228	2366	2140	3257	3549
SMU86_02233	509	512	724	789
SMU86_02238	2428	5013	4451	4920
SMU86_02243	220	247	465	372
SMU86_02248	939	752	1592	1266
SMU86_02253	749	221	1374	779
SMU86_02258	1113	1008	1189	2214
SMU86_02263	1059	1160	1285	2208
SMU86_02268	2104	2879	3571	4159
SMU86_02273	4468	5765	7163	8076
SMU86_02278	1980	1556	3201	3098
SMU86_02283	1839	1959	3587	3103
SMU86_02288	3908	5266	6942	6150
SMU86_02293	1880	2280	3278	2996
SMU86_02298	1420	1754	2542	2259
SMU86_02303	767	1228	1376	1305
SMU86_02308	590	529	1068	867
SMU86_09937	0	0	0	0
SMU86_09942	0	0	0	0
SMU86_09947	0	0	0	0
SMU86_09952	0	0	0	0
SMU86_09957	0	0	0	0
SMU86_09962	546	269	10937	12408
SMU86_09967	435	135	8600	7714
SMU86_09972	191	36	3926	2666
SMU86_09977	633	532	14977	24221
SMU86_09982	2838	4607	6084	5439
SMU86_09987	5210	12071	8425	10498
SMU86_09992	239	580	464	587
SMU86_09997	499	843	755	1100
SMU86_10002	831	1408	1264	1817
SMU86_10007	904	1564	1389	1971
SMU86_10012	1183	1982	1770	2690
SMU86_10017	935	1754	1396	2105
SMU86_10022	0	0	0	0
SMU86_10027	0	0	0	0
SMU86_10032	0	0	0	0
SMU86_10037	4621	2204	2798	11039
SMU86_10042	1144	2220	2160	2187
SMU86_10047	845	1618	1477	1620
SMU86_10052	492	936	711	930
SMU86_10057	423	925	671	893
SMU86_10062	2434	4708	4370	4675
SMU86_10067	2256	3400	4371	4382
SMU86_10072	2053	3185	3859	3953
SMU86_10077	2294	3122	4134	4185
SMU86_10082	2614	3479	4612	4686
SMU86_10087	1112	1381	2022	2051
SMU86_10092	646	1006	1187	1166
SMU86_10097	2574	3992	4466	4857
SMU86_10102	783	1386	1493	1536
SMU86_10107	714	1285	1280	1512
SMU86_10112	307	377	552	543
SMU86_10117	872	1838	1409	1943
SMU86_10122	87	165	165	182
SMU86_10127	10	14	22	23
SMU86_10132	3975	4827	7083	6622
