gene	4	5	15	16	17	18
SMU109_00005	21038	19151	20980	0	18128	16232
SMU109_00010	57643	49141	57777	0	52021	45482
SMU109_00015	15513	24914	24154	0	24375	20505
SMU109_00020	187	1555	1028	0	1379	1484
SMU109_00025	155	197	237	0	199	251
SMU109_00030	2633	2733	2854	0	2843	3344
SMU109_00035	8843	9863	9180	0	8564	13276
SMU109_00040	6394	9857	8281	0	8214	12097
SMU109_00045	9855	9878	8466	0	8293	10992
SMU109_00050	906	1997	1922	0	1377	1422
SMU109_00055	2011	1884	2221	0	1442	1618
SMU109_00060	2798	3806	3343	0	2876	3368
SMU109_00065	3354	3430	2692	0	3012	3059
SMU109_00070	3627	4256	3676	0	3988	4074
SMU109_00075	890	3019	2265	0	2410	2634
SMU109_00080	6538	8032	9396	0	8194	6327
SMU109_00085	15943	12510	15328	0	11758	9256
SMU109_00090	9052	8847	10922	0	9257	7129
SMU109_00095	3082	3413	4075	0	3670	3046
SMU109_00100	997	1991	1546	222	1515	1839
SMU109_01828	5027	4454	3689	3971	3215	5686
SMU109_01833	1900	1770	1288	1435	1162	2197
SMU109_01838	35	46	29	45	27	35
SMU109_01843	739	1015	709	834	666	826
SMU109_01848	5185	7226	4403	5182	4173	5709
SMU109_01853	981	1543	1140	1388	1319	1666
SMU109_01858	2278	2924	2083	2448	1955	2436
SMU109_01863	1207	1912	1525	1632	1397	1672
SMU109_01868	358	509	440	451	345	504
SMU109_01873	0	0	0	0	0	0
SMU109_01878	2512	4166	3320	3756	2776	3068
SMU109_01883	218	231	211	205	166	225
SMU109_01888	97	197	177	183	142	213
SMU109_09886	1	3	1	2	3	5
SMU109_09891	712	900	674	869	760	976
SMU109_09896	2605	2717	1952	2191	2033	3310
SMU109_09901	1417	1748	1363	1659	1583	2515
SMU109_09906	5604	12347	9889	2254	10869	12045
SMU109_09911	67044	71574	50918	13	46237	51811
SMU109_09916	7823	10692	8356	0	8530	8221
SMU109_09921	4965	5691	5906	18	6276	5347
SMU109_09926	234	266	390	355	250	309
SMU109_09942	0	0	0	0	0	0
SMU109_09957	0	0	0	0	0	0
SMU109_09962	138	225	277	0	309	338
SMU109_09967	8199	7473	6907	0	6716	8270
SMU109_09972	11438	15182	12956	0	12554	11056
SMU109_09977	0	0	0	0	0	0
SMU109_09982	0	0	0	0	0	0
SMU109_01893	8797	7217	6615	7047	6018	6852
SMU109_01898	22968	24711	20091	22886	20402	23651
SMU109_01903	6085	5453	5734	6004	5790	6069
SMU109_01908	217	383	387	461	335	402
SMU109_01913	2305	2858	2387	2748	2100	2389
SMU109_01918	4656	6176	7251	7350	6231	6298
SMU109_01923	9267	12795	12301	13816	11306	12058
SMU109_01928	2879	3090	2604	2658	2151	3509
SMU109_01933	21044	26109	23283	27722	26023	26192
SMU109_01938	10437	10973	11494	12135	9246	10119
SMU109_01943	5814	6874	7248	7165	5742	6273
SMU109_01948	5971	6244	7724	8104	6925	5976
SMU109_01953	2584	2893	3632	3816	3139	3070
SMU109_01958	4929	5257	6031	6535	5288	5929
SMU109_01963	13313	10554	10210	10348	8396	11163
SMU109_01968	26867	26954	21970	24661	19923	24638
SMU109_01973	507	1178	746	1188	957	1115
SMU109_01978	2723	2537	2097	2412	2397	3104
SMU109_01983	1569	1852	1430	1630	1564	2044
SMU109_01988	5357	4891	3740	4540	3702	4827
SMU109_01993	1716	1629	1044	1484	1205	1534
SMU109_01998	618	433	409	517	362	432
SMU109_02003	369	583	374	417	381	467
SMU109_02008	3907	2717	2033	2290	1489	2656
SMU109_02013	2084	1120	864	1003	718	1302
SMU109_02018	2650	2033	1486	1671	1255	2457
SMU109_02023	2030	2866	1007	1202	1260	2992
SMU109_02028	311	402	309	337	284	296
SMU109_02033	34	682	30	49	181	114
SMU109_02038	16	332	43	35	86	72
SMU109_02043	10056	9580	7127	9331	6932	12210
SMU109_02048	810	2102	2098	2549	2116	1627
SMU109_02053	4223	4797	4494	4454	4169	3578
SMU109_02058	94	102	104	107	108	105
SMU109_02063	214	996	774	1162	751	1013
SMU109_02068	1107	2277	1566	1719	1427	1889
SMU109_02073	1247	2213	1565	1994	1580	2073
SMU109_02078	230	628	364	424	353	490
SMU109_02083	876	697	619	629	446	540
SMU109_02088	506	701	630	718	552	532
SMU109_02093	1096	1282	1283	1305	1014	1304
SMU109_02098	0	0	0	0	0	0
SMU109_02103	0	0	0	0	0	0
SMU109_02108	0	0	0	0	0	0
SMU109_02113	0	0	0	0	0	0
SMU109_02118	0	0	0	0	0	0
SMU109_02123	0	0	0	0	0	0
SMU109_02128	7414	5897	6352	6567	4634	4228
SMU109_02133	30	32	28	48	43	29
SMU109_02138	103	608	287	535	401	967
SMU109_02143	298	600	578	694	534	1114
SMU109_02148	847	860	703	753	614	1511
SMU109_02153	720	827	514	630	494	1412
SMU109_02158	2113	2318	1951	2187	1746	1727
SMU109_02163	2688	2606	2543	2678	2543	2247
SMU109_02168	4527	4970	4973	5530	4714	4806
SMU109_02173	4679	4507	3971	4274	3696	5424
SMU109_02178	3001	3527	3447	4022	3376	3797
SMU109_02183	8062	8818	7603	8772	7699	9032
SMU109_02188	2082	2699	1912	3059	2552	2523
SMU109_02193	2025	2310	2922	3329	2942	3098
SMU109_02198	1479	1881	2449	3067	2732	2559
SMU109_02203	246	1280	1245	1587	1419	1684
SMU109_02208	2241	2178	1703	2028	1863	2379
SMU109_02213	499	558	492	619	512	834
SMU109_02218	2347	3401	2889	3670	3303	2852
SMU109_02223	310	481	378	436	348	191
SMU109_02228	1755	1905	1940	1843	1636	956
SMU109_02233	740	682	775	695	624	454
SMU109_02238	1033	1296	1207	1162	1092	846
SMU109_02243	771	1040	901	920	807	655
SMU109_02248	565	827	747	740	694	600
SMU109_02253	1434	1789	1602	1486	1395	1329
SMU109_02258	725	1268	1016	958	990	928
SMU109_02263	88	227	116	145	145	172
SMU109_02268	22691	31914	28945	35304	28634	43148
SMU109_02273	1313	1427	2016	1870	1695	1510
SMU109_02278	7321	7377	7728	7829	6492	6019
SMU109_02283	2699	3878	4019	4720	3706	3161
SMU109_02288	31967	33843	29976	33765	25619	32402
SMU109_02293	3795	4467	4136	4305	3553	4258
SMU109_02298	7603	8041	6836	7507	6754	10699
SMU109_02303	4877	8180	6261	7845	7111	11238
SMU109_02308	5499	8234	7140	8272	7295	11727
SMU109_02313	28160	25345	21025	23075	19707	23948
SMU109_02318	39392	37871	30722	34869	29607	36647
SMU109_02323	21144	21301	19171	21685	19100	22156
SMU109_02328	25240	22902	20482	20534	19424	23085
SMU109_02333	761	5179	3896	7685	6216	6756
SMU109_02338	17345	22755	22379	27934	25183	28859
SMU109_02343	19934	22480	21660	25298	22589	25987
SMU109_02348	9869	14323	11135	13870	13856	13450
SMU109_02353	81	204	141	204	174	171
SMU109_09987	0	0	0	0	0	0
SMU109_09992	0	0	0	0	0	0
SMU109_09997	138	194	219	239	223	539
SMU109_10007	530	802	698	878	610	652
SMU109_10012	1702	1359	1299	1085	865	1011
SMU109_10017	1020	1640	1572	2036	1447	1300
SMU109_10022	799	487	617	699	1018	671
SMU109_10041	0	6	4	2	5	4
SMU109_10046	0	0	0	0	0	0
SMU109_10051	429	309	328	276	267	270
SMU109_10056	416	539	385	477	752	485
SMU109_02358	3445	3361	2309	2530	1972	3092
SMU109_02363	2037	3115	2262	2831	2455	3897
SMU109_02368	4599	3749	2928	3060	2884	4542
SMU109_02373	5178	6579	5451	6524	4752	8014
SMU109_02378	3540	4321	3222	3809	3492	4841
SMU109_02383	7195	6948	5519	6621	6488	9040
SMU109_02388	3499	3907	3154	3813	3477	5452
SMU109_02393	5723	5236	4455	5094	4782	8241
SMU109_02398	2011	2194	1746	2133	1900	3291
SMU109_02403	66	61	63	69	50	79
SMU109_02408	755	913	690	868	687	1038
SMU109_02413	657	807	581	732	585	773
SMU109_02418	10025	14725	11103	14675	11707	15971
SMU109_02423	11324	16155	16691	18795	17162	20722
SMU109_02428	1992	4073	4062	4874	4552	5526
SMU109_02433	5863	10904	9521	14648	12131	13815
SMU109_02438	17588	18672	17023	19704	16918	19785
SMU109_02443	165	1109	1081	1781	1371	1542
SMU109_02448	6682	8559	10337	11933	9985	14032
SMU109_02453	10599	12793	10914	11932	10613	11369
SMU109_02458	473	1940	1376	2246	1921	2211
SMU109_02463	2	2	2	4	4	5
SMU109_02468	0	0	0	0	0	0
SMU109_02473	0	0	0	0	0	0
SMU109_02478	1232	1079	751	876	772	1164
SMU109_02483	4084	3996	2755	2964	2530	3876
SMU109_02488	679	875	625	752	694	1089
SMU109_02493	101	444	286	414	352	500
SMU109_02498	1423	1802	2071	2581	1838	2323
SMU109_02503	600	1500	1492	2184	1594	2115
SMU109_02508	523	394	338	324	254	266
SMU109_02513	348	617	509	568	464	461
SMU109_02518	592	822	656	782	590	687
SMU109_02523	617	1016	834	1022	409	835
SMU109_02528	10280	11228	7638	9079	7702	13824
SMU109_02533	4891	8001	4644	6221	5505	9086
SMU109_02538	512	898	1084	1342	1081	818
SMU109_02543	4459	3835	4382	4355	3714	3340
SMU109_02548	3041	3020	4255	4312	3748	3417
SMU109_02553	3042	4058	4732	5238	4652	4480
SMU109_02558	2479	2690	3889	4307	3822	3750
SMU109_02563	2130	2457	2612	3078	2670	2625
SMU109_02568	4486	4362	4976	5525	4908	5250
SMU109_02573	6118	7411	9382	9934	9383	9432
SMU109_02578	5112	6814	7748	8796	8058	8286
SMU109_02583	3596	5167	5188	6421	4811	6040
SMU109_02588	2805	3773	3374	4056	3370	3978
SMU109_02593	7109	10620	7754	9782	8743	14015
SMU109_02598	10241	7961	6671	7611	6834	10879
SMU109_02603	1165	1804	1421	1744	1511	1757
SMU109_02608	153	265	112	216	179	332
SMU109_02613	4978	5650	3875	4549	4169	4649
SMU109_02618	3221	4213	4028	4853	3875	4113
SMU109_02623	12791	13980	13367	15273	12260	14125
SMU109_02628	1211	1598	1747	1761	1471	1773
SMU109_02633	7857	8807	7156	8490	6301	9147
SMU109_02638	5648	5258	4886	5567	4205	6046
SMU109_02643	5922	8911	8306	10289	8572	10726
SMU109_02648	11122	14161	14162	15866	10943	12213
SMU109_02653	15514	17304	18513	20515	14635	16434
SMU109_02658	22662	24756	26113	28425	20620	23161
SMU109_02663	12849	11128	11256	11663	8936	9542
SMU109_02668	8100	9466	10124	11321	8273	8502
SMU109_02673	24242	24589	26053	25903	18964	20984
SMU109_02678	10969	12254	13833	15087	10280	10357
SMU109_02683	15888	15787	18230	19892	13722	14360
SMU109_02688	17599	18558	19944	20930	14599	15004
SMU109_02693	1142	4681	5095	7205	4985	4451
SMU109_02698	10346	11877	15011	16159	11022	10433
SMU109_02703	11130	10484	12662	12344	8766	8677
SMU109_02708	16194	15376	18729	19296	15155	20777
SMU109_02713	345	460	536	532	481	452
SMU109_02718	3366	4137	3056	3376	3217	3394
SMU109_10071	11	18	10	6	10	16
SMU109_10083	8	27	22	26	20	35
SMU109_10098	220	108	42	48	39	49
SMU109_02723	82	70	48	65	48	59
SMU109_02728	419	294	287	288	272	293
SMU109_02733	259	176	151	140	139	168
SMU109_02738	87	78	83	80	78	80
SMU109_02743	881	834	683	797	738	1102
SMU109_02748	9772	10208	9136	10844	8962	12165
SMU109_02753	7002	7312	7116	7924	6562	7987
SMU109_02758	3134	3532	2949	2985	2259	3601
SMU109_02763	478	362	279	344	262	514
SMU109_10103	29850	47521	31057	0	36192	37615
SMU109_02768	2081	2719	2126	2430	2265	3078
SMU109_02773	932	963	709	818	789	1018
SMU109_02778	978	1118	836	1057	902	1294
SMU109_02783	732	909	764	844	770	1008
SMU109_02788	427	394	403	409	451	635
SMU109_02793	885	1054	824	968	942	1408
SMU109_02798	1107	1452	1217	1317	1352	1861
SMU109_02803	3042	3162	2415	2662	2183	1987
SMU109_02808	980	1420	1281	1801	1569	1550
SMU109_02813	423	592	684	727	698	702
SMU109_02818	4300	3492	3595	3539	3560	3490
SMU109_02823	8237	10493	9382	10789	9926	10285
SMU109_02828	34487	36957	29116	35512	26939	34958
SMU109_02833	5289	7548	12200	13361	14180	9664
SMU109_02838	3761	6383	9734	11907	12182	8933
SMU109_02843	3069	5297	5089	5798	4748	4568
SMU109_02848	2783	4285	4913	5496	4349	3902
SMU109_02853	5110	6297	7277	7935	5992	5537
SMU109_02858	10695	13029	14892	15043	12764	12454
SMU109_02863	3672	3911	4342	4616	3702	3653
SMU109_02868	7128	8098	8568	9246	7173	7371
SMU109_02873	4723	5489	5618	6114	4792	5978
SMU109_02878	1838	1901	2182	2502	1881	2350
SMU109_02883	223	683	688	878	674	990
SMU109_02888	3088	7555	7359	10045	6763	5732
SMU109_02893	2337	2714	2576	2991	2649	3036
SMU109_02898	1093	1396	1384	1543	1378	1603
SMU109_02903	88	108	102	123	159	113
SMU109_02908	29683	40713	36966	41250	39367	43553
SMU109_02913	3621	4202	3885	4525	3793	3892
SMU109_02918	5156	4786	4819	4924	4419	4759
SMU109_02923	3391	4190	3753	4139	3506	3572
SMU109_02928	4232	5217	4959	5125	4351	4175
SMU109_02933	3722	4676	4480	5068	4312	3889
SMU109_02938	3807	4511	5034	5301	4427	4118
SMU109_02943	1798	2024	2263	2445	2340	1974
SMU109_02948	2734	3119	3089	3366	3006	3099
SMU109_02953	981	1465	1303	1728	1575	1517
SMU109_02958	3761	4977	4834	5046	4682	5014
SMU109_02963	3170	4032	4059	4509	4410	4926
SMU109_02968	2260	3220	2870	3331	2835	3186
SMU109_02973	743	1059	888	1125	997	1249
SMU109_02978	413	587	482	589	538	722
SMU109_02983	253	363	212	297	350	538
SMU109_02988	399	468	349	403	443	759
SMU109_02993	557	551	437	451	461	921
SMU109_02998	3735	3497	2698	3124	2872	4249
SMU109_03003	257	558	444	565	488	718
SMU109_03008	442	564	514	676	571	725
SMU109_03013	45	117	113	161	131	164
SMU109_03018	0	0	0	0	0	0
SMU109_03033	985	1378	1530	1846	1690	2363
SMU109_03038	567	872	942	1102	918	1385
SMU109_03043	1774	1542	1366	1625	1360	1471
SMU109_03048	1481	1464	1452	1611	1495	1408
SMU109_03053	433	575	693	783	744	588
SMU109_03058	496	617	712	742	648	501
SMU109_03063	123	242	276	309	219	215
SMU109_03068	541	664	773	930	760	792
SMU109_03073	791	934	1036	1146	944	1080
SMU109_03078	774	1027	1119	1418	1242	1283
SMU109_03083	1015	1072	955	1106	864	961
SMU109_03088	2102	3222	2758	3308	2878	4152
SMU109_03093	4514	5005	3565	4289	3756	5151
SMU109_03098	7040	7066	6158	6721	5678	7655
SMU109_03103	778	949	937	938	691	480
SMU109_03108	1731	1965	1686	1828	1514	1887
SMU109_03113	3134	3664	3373	3927	2936	2760
SMU109_03118	1259	2200	2217	2677	2057	1765
SMU109_03123	1656	2397	1910	2506	1830	1556
SMU109_03128	1327	1003	1119	1034	817	878
SMU109_03133	773	1723	1203	1616	1412	2042
SMU109_03138	406	661	468	614	548	805
SMU109_03143	1315	1919	1578	2020	1756	2399
SMU109_03148	415	681	536	681	587	753
SMU109_03153	3863	5968	4044	4812	4803	5384
SMU109_03158	993	3912	3578	4712	3992	5368
SMU109_03163	966	1362	1148	1357	1262	1611
SMU109_03168	67015	80035	57992	72701	65915	100442
SMU109_03173	65882	64134	42574	52537	47201	74158
SMU109_03178	5036	8939	8037	9650	8138	11897
SMU109_03183	1372	1158	1115	1172	978	901
SMU109_03188	976	1769	1777	2024	1784	1467
SMU109_03193	1564	1897	1618	2070	1832	1704
SMU109_03198	2850	3453	2763	3194	2859	3352
SMU109_03203	1462	1456	1250	1544	1398	1260
SMU109_03208	58847	81092	71491	78275	62933	54154
SMU109_03215	9547	11331	11907	0	9175	11523
SMU109_03220	7570	7504	7865	0	6236	7228
SMU109_03225	4327	4938	5015	0	4074	4510
SMU109_03230	2772	2953	2982	0	2229	2349
SMU109_03235	4196	8391	9649	0	8061	10198
SMU109_03240	6410	5386	7637	0	6382	8793
SMU109_03245	7326	8371	6503	0	6043	8161
SMU109_03250	1691	1307	1442	0	1314	1252
SMU109_03255	659	541	563	0	488	507
SMU109_03260	84	86	94	0	103	85
SMU109_03265	238	318	330	0	360	338
SMU109_03270	1856	1590	1701	0	1557	1606
SMU109_03275	2100	2565	2136	0	2107	2419
SMU109_03280	5458	5359	4938	0	4889	5493
SMU109_03285	4163	4841	4497	0	4597	4848
SMU109_03290	3621	3242	3109	0	3148	3234
SMU109_03295	9263	8091	7445	0	7643	7916
SMU109_03300	1071	1079	1069	0	973	1141
SMU109_03305	336	469	602	0	537	478
SMU109_03310	10	103	128	0	126	100
SMU109_03315	231	500	387	0	475	699
SMU109_03320	732	984	875	0	899	1420
SMU109_03325	401	400	379	0	305	425
SMU109_03330	15400	12029	10737	0	10431	12031
SMU109_03335	10724	12215	10640	0	10370	11913
SMU109_03340	2627	3027	2768	0	2765	3215
SMU109_03345	4412	5282	4289	0	4642	4335
SMU109_03350	6780	7723	5784	0	6502	7847
SMU109_03355	3727	9024	7929	0	9288	11004
SMU109_03360	6898	8033	5685	0	6141	10555
SMU109_03365	29	58	56	0	49	59
SMU109_03370	7195	7129	5881	0	5455	8056
SMU109_03375	3759	3683	2965	0	3132	4091
SMU109_03380	3541	3638	2689	0	2538	3232
SMU109_03385	406	752	690	0	646	751
SMU109_03390	1724	2078	1603	0	1873	2436
SMU109_03395	6390	6894	5890	0	5928	6423
SMU109_03400	2640	2800	3453	0	3260	3672
SMU109_03405	465	478	439	1	443	501
SMU109_03410	4793	6490	7758	0	8310	8081
SMU109_03415	3156	4805	6013	0	5798	5289
SMU109_03420	1478	2743	2506	0	2406	2109
SMU109_03425	2983	4767	4724	0	4749	4316
SMU109_03430	6327	7933	7273	0	6622	6962
SMU109_03435	4690	6330	6284	0	6020	6564
SMU109_03440	5522	7355	8366	0	7900	8062
SMU109_03445	1676	2846	2746	0	2726	2770
SMU109_03450	2309	3957	4053	0	3556	3274
SMU109_03455	570	2112	2059	0	2112	2081
SMU109_03460	471	1565	1870	0	1603	1687
SMU109_03465	38345	31073	25060	0	19916	29689
SMU109_03470	138049	160716	119796	0	116448	172988
SMU109_03475	57154	41690	28292	0	27349	39963
SMU109_03480	5974	7286	5457	0	6797	7901
SMU109_03485	4410	4200	3408	0	3288	4163
SMU109_03490	757	1022	858	0	941	1024
SMU109_03495	2577	2200	2045	0	2062	2274
SMU109_03500	628	682	534	0	579	765
SMU109_03505	873	977	742	0	879	1047
SMU109_03510	659	733	671	0	746	1009
SMU109_03515	623	560	527	0	557	741
SMU109_03520	855	785	721	0	789	1000
SMU109_03525	907	829	670	0	725	997
SMU109_03530	1143	1695	1276	0	1429	2333
SMU109_03535	1881	2369	1456	0	2001	4135
SMU109_03540	16694	17358	12675	0	11087	13843
SMU109_03545	951	976	678	0	923	1019
SMU109_03550	754	836	683	0	817	889
SMU109_03555	2605	3136	3385	0	3178	3723
SMU109_03560	1454	1657	1328	0	1321	1710
SMU109_03565	2805	2130	2147	0	1657	2252
SMU109_03570	7261	8089	6906	0	6563	10629
SMU109_03575	612	478	340	0	337	415
SMU109_03580	833	844	660	0	796	1174
SMU109_03585	36644	39748	23822	0	27690	44253
SMU109_03590	4331	5545	3306	0	3712	6526
SMU109_03595	79	535	414	0	494	627
SMU109_03600	879	1601	1113	0	1383	1911
SMU109_03605	1048	1394	1044	0	1050	1506
SMU109_03610	2283	2444	2136	2321	2004	3022
SMU109_03615	696	1437	1434	1544	1451	1948
SMU109_03620	2441	2856	2641	2793	2522	3434
SMU109_03625	1758	2430	2021	2268	2009	2836
SMU109_03630	396	568	384	439	399	641
SMU109_03635	1390	1735	1137	1445	1387	1832
SMU109_03640	1516	1602	1280	1274	1301	1932
SMU109_03645	2793	2303	1675	1780	1761	2509
SMU109_03650	6437	7109	5164	6061	5777	7953
SMU109_03655	4050	4678	4006	4236	4233	3884
SMU109_03660	3125	2894	2531	2530	2585	2632
SMU109_03665	3500	4097	3406	3462	3648	3533
SMU109_03670	0	0	0	0	0	0
SMU109_03675	0	0	0	0	0	0
SMU109_03680	0	0	0	0	0	0
SMU109_03685	0	0	0	0	0	0
SMU109_03690	0	0	0	0	0	0
SMU109_03695	0	0	0	0	0	0
SMU109_03700	0	0	0	0	0	0
SMU109_03705	0	0	0	0	0	0
SMU109_03710	0	0	0	0	0	0
SMU109_03715	0	0	0	0	0	0
SMU109_03720	0	0	0	0	0	0
SMU109_03725	0	0	0	0	0	0
SMU109_03730	0	0	0	0	0	0
SMU109_03735	0	0	0	0	0	0
SMU109_03740	0	0	0	0	0	0
SMU109_03745	0	0	0	0	0	0
SMU109_03750	0	0	0	0	0	0
SMU109_03755	0	0	0	0	0	0
SMU109_03760	0	0	0	0	0	0
SMU109_03765	0	0	0	0	0	0
SMU109_03770	0	0	0	0	0	0
SMU109_03775	0	0	0	0	0	0
SMU109_03780	0	0	0	0	0	0
SMU109_03785	0	0	0	0	0	0
SMU109_03790	0	0	0	0	0	0
SMU109_03795	0	0	0	0	0	0
SMU109_03800	0	0	0	0	0	0
SMU109_03805	0	0	0	0	0	0
SMU109_03810	0	0	0	0	0	0
SMU109_03815	0	0	0	0	0	0
SMU109_03820	0	0	0	0	0	0
SMU109_03825	0	0	0	0	0	0
SMU109_03830	0	0	0	0	0	0
SMU109_03835	5414	10087	8844	11634	8500	7832
SMU109_03840	5976	9518	7637	9709	6960	7200
SMU109_03845	866	742	784	825	682	756
SMU109_03850	1334	1181	1150	1160	1035	1135
SMU109_03855	3410	4408	3404	3837	3741	6496
SMU109_03860	3682	3251	3995	3995	3614	4818
SMU109_03865	3654	3532	3935	4428	4072	4999
SMU109_03870	5347	6249	6182	7539	6660	7646
SMU109_03875	644	795	663	747	622	650
SMU109_03880	798	945	722	900	802	906
SMU109_03885	864	1783	1352	1584	1299	1752
SMU109_03890	11347	11433	9445	10410	8441	12532
SMU109_03895	6675	7214	4762	5505	5003	7562
SMU109_03900	639	1230	1903	1803	1371	1281
SMU109_03907	3988	5755	4673	5407	3888	5930
SMU109_03912	12933	12711	12914	13094	10633	11565
SMU109_03917	711	693	718	761	685	621
SMU109_03922	379	458	512	531	526	385
SMU109_03927	634	792	816	872	780	672
SMU109_03932	3029	2729	3070	2945	2895	2560
SMU109_03937	5460	8593	7683	6203	5164	8288
SMU109_00105	14886	18333	14942	17427	13326	18256
SMU109_00110	7648	9618	9315	9651	8000	10903
SMU109_00115	832	1508	1237	1407	1079	1754
SMU109_00120	608	695	461	567	416	783
SMU109_00125	12196	14882	13028	14213	11783	14906
SMU109_00130	435	476	426	455	384	417
SMU109_00135	241	315	221	287	227	307
SMU109_00140	405	313	284	244	224	229
SMU109_00145	393	451	389	349	290	317
SMU109_00150	606	745	530	542	424	467
SMU109_00155	0	0	0	0	0	0
SMU109_00160	0	0	0	0	0	0
SMU109_00165	57	56	55	62	38	106
SMU109_00170	18892	18306	15129	16424	14193	19892
SMU109_00175	3439	4350	4088	4428	4013	5553
SMU109_03950	0	0	0	0	0	0
SMU109_03955	918	1296	1613	2147	1602	1733
SMU109_03960	6592	7399	8397	9162	7560	8346
SMU109_03965	7329	6130	5648	6302	5139	6024
SMU109_03970	3896	3871	3928	4057	3670	4474
SMU109_03975	5002	5361	5348	6162	5166	5619
SMU109_03980	120	262	272	322	265	283
SMU109_03985	1992	2325	2419	2871	2381	2489
SMU109_03990	2874	2651	3074	3191	2835	3153
SMU109_03995	642	844	801	829	744	839
SMU109_04000	41087	47433	24214	31104	17926	49908
SMU109_04005	458	725	538	677	562	811
SMU109_04010	360	295	157	184	265	303
SMU109_04015	87	97	66	54	93	94
SMU109_04020	326	272	161	173	316	251
SMU109_04025	10105	8049	7704	7772	6581	10338
SMU109_04030	1800	1277	836	1064	856	1847
SMU109_04035	2004	1740	1141	1518	1323	2671
SMU109_04040	29	59	58	82	65	101
SMU109_04045	62	113	82	133	117	220
SMU109_04050	2440	2654	1935	2502	2219	4179
SMU109_04055	610	1477	875	1488	1284	1908
SMU109_04060	585	1351	958	1254	1029	1837
SMU109_04065	828	1205	847	1244	942	1878
SMU109_04070	682	1515	846	1333	1085	2009
SMU109_04075	723	1136	748	921	743	1252
SMU109_04080	1010	945	562	709	591	1083
SMU109_04085	1040	1558	1391	1824	1224	1265
SMU109_04090	15598	14145	12027	12428	9677	8740
SMU109_04095	2155	2833	2131	2424	1664	3278
SMU109_04100	4101	4469	3358	3810	3294	3629
SMU109_04105	10646	11328	8154	8984	7538	8466
SMU109_04110	9390	11626	9312	11204	8126	9053
SMU109_04115	4493	3465	3239	3126	2584	3224
SMU109_04120	217	451	408	564	482	566
SMU109_04125	20741	29480	18849	22680	18612	24798
SMU109_04130	132482	212751	158160	190630	161504	186685
SMU109_04135	65540	80414	73178	84531	76544	66213
SMU109_04140	24624	31510	27188	30262	24270	21859
SMU109_04145	33719	38574	34936	37490	29427	27007
SMU109_04150	2952	2649	2472	2529	2147	2701
SMU109_04155	3825	5062	4010	4489	3612	3954
SMU109_04160	6757	6911	6381	6187	5664	5698
SMU109_04165	3362	4375	3664	4304	3654	3923
SMU109_04170	4603	4980	3909	4556	3634	3796
SMU109_04175	4184	4460	3760	4715	3573	4143
SMU109_04180	1417	1414	1440	1541	1214	1177
SMU109_04185	3928	3746	3457	3735	3000	2784
SMU109_04190	1590	1791	1810	2015	1643	1529
SMU109_04195	1102	1387	1279	1425	1257	1115
SMU109_04200	1235	1312	1498	1407	1265	1192
SMU109_04205	567	636	676	745	611	550
SMU109_04210	1550	1478	1893	1924	1553	1657
SMU109_04215	1809	1126	1118	1035	879	893
SMU109_04220	3052	2471	2394	2592	2055	2004
SMU109_04225	3302	3104	2659	2799	2145	2205
SMU109_04230	1041	1718	1274	1569	1224	1172
SMU109_04235	5416	8854	7361	8366	6283	6727
SMU109_04240	1451	3020	2379	3466	3096	3188
SMU109_04245	7385	7487	6789	7879	6807	7899
SMU109_04250	6712	5721	5469	6060	5253	6009
SMU109_04255	1382	2297	2074	2376	2118	2369
SMU109_04260	630	592	681	615	538	321
SMU109_04265	1280	1064	1080	1000	791	685
SMU109_04270	5776	7484	6425	7805	6462	6897
SMU109_04275	1765	2931	2711	3221	2626	3564
SMU109_04280	4453	4265	3833	4152	3621	4892
SMU109_04285	6996	6968	6481	6996	5993	8040
SMU109_04290	10281	10842	9943	11274	9551	14212
SMU109_04295	5877	8095	7510	9123	7933	11755
SMU109_04300	3699	4101	3590	4069	3177	3604
SMU109_04305	926	1289	1189	1299	963	1183
SMU109_04310	1302	1465	1382	1328	1101	1419
SMU109_04315	9240	10286	7724	9064	7935	9092
SMU109_04320	5871	10327	8056	9982	9014	9714
SMU109_04325	2106	2045	2036	2245	2025	2698
SMU109_04330	1650	1686	1541	1997	1668	2192
SMU109_04335	5205	5658	4748	5643	4465	3986
SMU109_04344	151	220	416	535	404	313
SMU109_04349	1004	721	1245	1468	1145	1003
SMU109_04354	680	777	1002	1510	1084	1009
SMU109_04359	0	0	0	0	0	0
SMU109_04364	0	0	0	0	0	0
SMU109_04369	0	0	0	0	0	0
SMU109_04374	214	341	414	0	357	401
SMU109_04379	171	263	296	0	245	250
SMU109_04384	70	129	126	0	109	149
SMU109_04389	3820	2986	3030	0	3222	2750
SMU109_04394	2616	2269	2039	0	2543	2219
SMU109_04399	3258	3397	2992	0	3475	3201
SMU109_04404	1687	2077	1872	0	2086	1896
SMU109_04409	3907	3667	3640	0	2849	3994
SMU109_04414	211	693	504	0	678	971
SMU109_04419	439	574	570	0	585	569
SMU109_04424	1306	1655	1671	0	1399	1462
SMU109_04429	5599	7624	7624	0	6921	8627
SMU109_04434	23204	25088	18277	0	16729	21510
SMU109_04439	604	1055	686	0	685	839
SMU109_04444	197	320	248	0	251	313
SMU109_04449	37	37	57	0	49	65
SMU109_04454	867	1079	779	0	820	1089
SMU109_04459	74	161	154	0	147	184
SMU109_04464	18634	17883	13346	0	13209	15562
SMU109_04469	306	1005	1035	0	1004	1062
SMU109_04474	1090	2324	2191	0	2253	2135
SMU109_04479	10740	11157	11789	0	10391	10543
SMU109_04484	2012	3089	3604	0	3619	3440
SMU109_04489	11904	15526	16964	0	16113	16191
SMU109_04494	2047	2322	2785	0	2614	2656
SMU109_04499	1842	2867	3135	0	3082	3570
SMU109_04504	8205	8002	7781	0	7438	9250
SMU109_04509	2221	2415	1697	0	1395	946
SMU109_04514	8374	8714	6580	0	5563	5339
SMU109_04519	997	2443	2133	0	2460	2032
SMU109_04524	2696	3526	3472	0	3554	3279
SMU109_04529	6456	7080	6771	0	6837	7470
SMU109_04534	1232	3438	2954	0	3867	4096
SMU109_04539	5359	7025	6178	0	6342	7448
SMU109_04544	967	2816	2485	0	3921	4441
SMU109_04549	861	3323	3044	0	3995	5280
SMU109_04554	983	1278	1375	0	1219	1546
SMU109_04559	1226	2331	2302	0	2445	2558
SMU109_04564	7290	10129	7240	0	6875	9381
SMU109_04569	4539	4701	4325	0	4302	5736
SMU109_04574	4092	6444	5312	0	5877	6121
SMU109_04579	145	1081	1019	0	1295	1023
SMU109_04584	1430	3950	2636	3806	3308	2921
SMU109_04589	1262	2039	1635	1916	1733	1619
SMU109_04594	9122	9507	7260	8415	7666	8898
SMU109_04599	1043	2135	1947	2224	1960	2582
SMU109_04604	17504	19637	16362	19062	16874	17909
SMU109_04609	2666	4629	4353	5000	4459	4914
SMU109_04614	118	190	245	227	185	179
SMU109_04619	5911	7482	5506	6584	5344	6898
SMU109_04624	7073	7869	6032	6480	5599	7049
SMU109_04629	1580	1860	2057	2421	1772	2363
SMU109_04634	781	1462	1049	1533	914	2135
SMU109_04639	3217	3041	2453	2680	2051	3754
SMU109_04644	1947	2033	1433	1747	1299	2162
SMU109_04649	856	1850	1806	2287	1774	2111
SMU109_04654	534	1858	1356	2145	1600	1739
SMU109_04659	1244	1477	1546	2072	1556	1671
SMU109_04664	1473	1857	1731	2338	1764	2011
SMU109_04669	24	291	191	284	253	349
SMU109_04674	4	69	63	68	60	81
SMU109_04679	20	783	22	22	38	82
SMU109_04684	13073	13557	11408	13775	12975	13850
SMU109_04689	9429	9578	8076	9041	8797	9556
SMU109_04694	1404	1859	1975	2563	4730	2486
SMU109_04699	64	161	116	133	97	125
SMU109_04704	1475	1251	1389	1371	1140	1013
SMU109_04709	832	920	746	874	807	598
SMU109_04714	230	318	283	307	281	353
SMU109_04719	241	270	285	264	236	326
SMU109_04724	286	268	264	299	242	361
SMU109_04729	309	307	340	401	326	468
SMU109_04734	1273	1561	2195	2303	1671	1787
SMU109_04739	6341	9273	6691	8582	7543	9544
SMU109_04744	2597	5330	4147	5182	5161	6082
SMU109_04749	1902	3166	2465	3101	3036	3249
SMU109_04754	3269	3915	3277	3635	2891	3448
SMU109_04759	1972	3080	2232	2660	2240	2647
SMU109_04764	2885	2771	2763	2822	2525	2685
SMU109_04769	4363	5484	4918	5810	5767	6513
SMU109_04774	4639	6287	5641	6613	6282	6973
SMU109_04779	155	798	815	990	973	924
SMU109_04784	1385	2760	2442	3548	3155	3329
SMU109_04789	4156	5703	5652	6536	5940	6689
SMU109_04794	2066	4047	2574	4361	3757	3822
SMU109_04799	9106	10054	6105	7728	8093	14654
SMU109_04804	5833	6352	5516	6215	6214	9794
SMU109_04809	670	877	797	942	903	819
SMU109_04814	6916	9597	8679	10473	9385	9413
SMU109_04819	2677	2684	2091	2248	1754	2081
SMU109_04824	1747	2429	1899	2149	1656	2161
SMU109_04829	3514	4130	3270	4106	3118	3847
SMU109_04834	1666	1644	1400	1522	1420	1785
SMU109_04839	5150	5395	4291	4989	4184	4492
SMU109_04844	4727	4899	4391	5149	8157	6693
SMU109_04849	7037	8686	8029	9278	13423	11866
SMU109_04854	3170	3506	2638	3234	3196	5043
SMU109_04859	2646	2745	2263	2425	2534	3721
SMU109_04864	926	1126	780	934	923	1331
SMU109_04869	247	231	172	158	162	276
SMU109_04874	10891	11457	7336	8744	6843	9215
SMU109_04879	2004	1817	1697	1824	1486	1927
SMU109_04884	5736	6472	4673	5547	4243	5590
SMU109_04889	7985	7761	6513	6997	5640	7811
SMU109_04894	1121	1750	1437	1710	1377	1794
SMU109_04899	1391	1983	1608	1965	1661	2240
SMU109_04904	1610	3039	2198	3206	2477	3339
SMU109_04909	6057	6371	5490	6553	5252	7672
SMU109_04914	3991	3845	3505	3848	2807	4609
SMU109_04919	127	144	155	163	159	160
SMU109_04924	203	176	176	157	159	191
SMU109_04929	464	498	460	509	430	510
SMU109_04934	399	479	439	480	454	521
SMU109_04939	4795	5967	6300	7200	5335	6965
SMU109_04944	4012	4182	4099	4404	3249	4930
SMU109_04949	5504	4385	4084	4376	3387	5018
SMU109_04954	3204	2806	2912	3273	2326	3183
SMU109_04959	9384	11036	10934	12297	8637	13121
SMU109_04964	1055	1133	1142	1139	919	1019
SMU109_04969	2527	2267	1780	1650	1265	2084
SMU109_04974	1283	1311	1388	1573	1367	1461
SMU109_04979	1198	1313	1479	1575	1292	1500
SMU109_04984	1232	1080	917	986	873	1082
SMU109_04989	2449	2160	2046	2191	1843	2452
SMU109_04994	1490	1269	1501	1515	1329	1670
SMU109_04999	379	328	233	229	242	243
SMU109_05004	338	438	338	344	402	311
SMU109_05009	102	115	114	115	111	130
SMU109_05014	383	361	330	335	353	390
SMU109_05019	1163	1092	1019	1117	1070	1101
SMU109_05024	1074	1109	1218	1314	1226	1306
SMU109_05029	283	216	266	253	267	248
SMU109_05034	5	0	0	0	0	2
SMU109_05039	0	0	0	0	0	0
SMU109_05044	2	3	3	5	8	9
SMU109_05049	251	218	255	281	219	281
SMU109_05054	99	175	253	257	156	233
SMU109_05059	1793	1407	1689	1577	883	1388
SMU109_05064	1076	873	1043	1072	516	889
SMU109_05069	1271	1575	1836	1924	928	1416
SMU109_05074	1782	2465	3238	3387	2912	2563
SMU109_05079	18011	17629	23123	26020	23126	16701
SMU109_05084	6803	7840	11723	12991	10921	7358
SMU109_05089	1331	1337	1555	1782	1414	1399
SMU109_05094	294	281	294	281	254	269
SMU109_05099	414	410	428	414	368	366
SMU109_05104	133	149	171	180	179	169
SMU109_05109	1582	2252	1143	1408	4207	1468
SMU109_05114	1049	1174	793	816	2761	929
SMU109_05119	1790	17388	1496	1604	189985	2074
SMU109_05124	1219	8700	914	937	101582	1305
SMU109_05129	0	0	0	0	0	0
SMU109_05134	0	0	0	0	0	0
SMU109_05139	0	0	0	0	0	0
SMU109_05144	0	0	0	0	0	0
SMU109_05149	4	25	2	0	793	1
SMU109_05154	140	14182	117	56	182616	167
SMU109_05159	0	0	0	0	0	0
SMU109_05164	0	0	0	0	0	0
SMU109_05169	0	0	0	0	0	0
SMU109_05174	0	0	0	0	0	0
SMU109_05179	0	0	0	0	0	0
SMU109_05184	0	0	0	0	0	0
SMU109_05189	0	0	0	0	0	0
SMU109_05194	0	0	0	0	0	0
SMU109_05199	0	0	0	0	0	0
SMU109_05204	0	0	0	0	0	0
SMU109_05209	17	92	53	83	65	77
SMU109_05214	8	64	18	113	73	68
SMU109_05219	75	139	120	211	139	126
SMU109_05224	745	856	924	838	666	614
SMU109_05229	5107	5032	4128	4531	3909	6162
SMU109_05234	858	912	656	841	709	1030
SMU109_05239	15	208	113	344	273	351
SMU109_05244	1158	2073	1695	2290	1991	3011
SMU109_05249	1014	1437	883	1343	1001	1368
SMU109_05254	2846	3556	2756	3253	2883	4106
SMU109_05259	4168	3753	3188	3486	2790	3774
SMU109_05264	9192	13320	12697	13725	11513	12100
SMU109_05269	5066	7900	6951	6233	4600	4586
SMU109_05274	2374	4119	3420	4417	3553	2784
SMU109_05279	9702	12957	12243	13079	11600	13264
SMU109_05284	11101	9860	10558	11522	10954	13014
SMU109_05289	11569	11984	10719	11233	11292	12925
SMU109_05294	3458	3940	3965	4348	4197	4576
SMU109_05299	7297	9177	7837	9894	9623	9932
SMU109_05304	8584	8995	8235	9513	8760	10637
SMU109_05309	5821	7137	6695	7990	7289	8653
SMU109_05314	2778	5282	4705	6472	6030	6134
SMU109_05319	8630	10283	9971	11687	11170	11864
SMU109_05324	7415	9622	10630	12586	11886	12642
SMU109_05329	7521	11242	13464	15527	14630	14735
SMU109_05334	0	1	0	0	0	0
SMU109_05339	1	0	0	0	0	1
SMU109_05344	9351	7398	7048	8012	8028	10202
SMU109_05349	47	1111	747	1355	1190	1475
SMU109_05354	421	3447	475	430	457	805
SMU109_05359	1603	4343	1469	1783	1665	3934
SMU109_05364	3631	5064	4414	5582	4136	6107
SMU109_05369	504	517	390	426	367	445
SMU109_05374	4696	6760	4510	5918	5175	9170
SMU109_05379	4722	5831	5324	5912	5436	6535
SMU109_05384	6045	6619	5773	6545	6030	7178
SMU109_05389	4035	4090	3325	3959	3549	5908
SMU109_05394	1854	1842	1348	1558	1593	2568
SMU109_05409	12364	16765	13920	14854	11863	11471
SMU109_05414	8862	15384	14725	15290	14171	13033
SMU109_05419	7062	12618	11060	11726	10288	9508
SMU109_05424	1228	1565	1238	1486	1290	1496
SMU109_05429	1159	1293	1202	1413	1298	1427
SMU109_00180	473	599	425	0	435	663
SMU109_00185	1301	818	525	0	536	828
SMU109_00190	2165	2905	2100	0	2102	3399
SMU109_00195	1322	1427	926	0	950	1510
SMU109_00200	1835	2265	1223	0	1462	2184
SMU109_00205	1045	1343	784	0	790	1254
SMU109_00210	697	3848	529	0	646	1146
SMU109_00215	781	667	527	0	639	931
SMU109_00220	1361	937	670	0	757	1217
SMU109_00225	3467	3515	3016	0	2421	3273
SMU109_00230	2070	1549	1523	0	1304	1683
SMU109_00235	1103	1234	1138	0	953	1179
SMU109_00240	1905	1960	1530	0	1145	1325
SMU109_00245	1434	1936	1470	0	1208	1382
SMU109_00250	434	1533	1089	0	1171	1219
SMU109_00255	709	1148	905	0	882	766
SMU109_00260	1199	1188	1154	0	988	928
SMU109_00265	8628	15776	8058	0	6041	9001
SMU109_00270	569	6084	1299	0	1144	1859
SMU109_00275	64	3626	93	0	125	495
SMU109_00280	21	2502	68	0	109	398
SMU109_00285	33	2131	77	0	115	386
SMU109_00290	15	2430	81	0	127	400
SMU109_00295	43	2361	80	0	110	309
SMU109_00300	54	5470	167	0	227	1122
SMU109_00305	117	7994	257	0	310	2653
SMU109_00310	1781	1463	1724	0	1518	1657
SMU109_00315	74911	83923	69189	0	71758	80428
SMU109_00320	59036	68961	57097	0	61967	68822
SMU109_00325	8373	8327	7428	0	6586	8876
SMU109_00330	8210	6343	5337	0	4604	4697
SMU109_00335	513	1164	1097	0	1244	1279
SMU109_00340	1370	1469	1479	0	1318	1614
SMU109_00345	452	573	720	21	565	673
SMU109_05434	4208	4448	4826	4787	3873	3690
SMU109_05439	2970	3060	3565	3715	2691	2299
SMU109_05444	1629	1539	1183	1236	1138	1649
SMU109_05449	642	762	511	584	557	738
SMU109_05454	5277	5902	4517	5017	4586	6153
SMU109_05459	2221	2346	1842	1848	1651	2758
SMU109_05464	1069	1418	1329	1424	1292	1984
SMU109_05469	2519	3014	2317	2520	2910	3892
SMU109_05474	2150	2322	1805	1920	2209	2760
SMU109_05479	2971	2680	1923	2084	2198	2765
SMU109_05484	3566	3714	2906	3000	3258	3981
SMU109_05489	2994	3257	2435	2650	2860	3875
SMU109_05494	3590	3835	3194	3606	3556	4590
SMU109_05499	3338	4908	4366	5031	4490	5990
SMU109_05504	232	702	784	903	805	1061
SMU109_05509	1362	3164	1858	2675	1888	2106
SMU109_05514	6686	5661	5891	6128	5549	5098
SMU109_05519	1802	1589	1759	1800	1609	1504
SMU109_05534	207	540	449	553	504	642
SMU109_05539	4549	4458	2666	3136	2729	5406
SMU109_05544	4142	4388	3186	3809	3046	6217
SMU109_05549	1777	1806	1646	1360	936	1825
SMU109_05554	62	39	63	50	26	16
SMU109_05559	128	210	270	178	112	104
SMU109_05564	21	46	64	37	16	28
SMU109_05569	8	57	36	61	30	21
SMU109_05574	121	253	215	189	135	121
SMU109_05579	3754	4254	2857	3356	3390	4595
SMU109_05584	3176	6296	4670	5687	4697	7351
SMU109_05589	1106	1410	918	1094	723	1266
SMU109_05594	12839	14916	14622	16974	13827	17498
SMU109_05599	2879	3448	3844	4208	3734	3680
SMU109_05604	11983	12118	11259	11775	10158	12803
SMU109_05609	12558	15099	13617	15577	13244	15682
SMU109_05614	2349	2491	2780	2883	2280	2434
SMU109_05619	9306	9944	9340	10630	8058	8455
SMU109_05624	636	616	641	609	603	754
SMU109_05629	203	208	223	228	215	183
SMU109_05634	1391	1992	1780	1931	1697	2161
SMU109_05639	15196	14116	12538	13374	12285	14843
SMU109_05644	941	901	580	637	557	747
SMU109_05649	3255	2774	2167	2119	1957	3011
SMU109_05654	4569	5734	4180	4869	4507	5884
SMU109_05659	1157	1089	1285	1298	1047	1173
SMU109_05664	470	737	1213	1214	944	1007
SMU109_05669	17908	19273	20442	24370	14721	17614
SMU109_05674	5785	7787	8297	10805	6307	7741
SMU109_05679	11093	11852	12285	14358	9149	11040
SMU109_05684	12139	10906	12633	13591	9080	10862
SMU109_05689	14979	12008	14397	13730	9680	11556
SMU109_05694	4791	3999	4377	4845	3087	3430
SMU109_05699	1782	2880	2244	2896	2109	2642
SMU109_05704	2819	4476	4050	4680	4106	4629
SMU109_05709	2326	4079	3641	4133	3459	4026
SMU109_05714	1994	2389	1955	2455	1948	2476
SMU109_05719	2592	3717	3504	3896	3138	3984
SMU109_05734	140	87	86	72	70	65
SMU109_05739	9356	10024	6714	7915	7355	9811
SMU109_05744	1090	1589	1093	1504	1413	1730
SMU109_05749	597	815	690	926	856	994
SMU109_05754	6324	5795	3622	4091	4236	5396
SMU109_05759	10631	11748	7881	8956	9133	12370
SMU109_05764	4392	4871	3393	3754	3866	5404
SMU109_05769	5394	4003	2742	2886	2851	4021
SMU109_05774	1133	1807	1948	2361	1970	2507
SMU109_05779	4133	4962	5314	5613	4792	4465
SMU109_05784	118	148	189	235	170	257
SMU109_05789	882	784	665	721	566	602
SMU109_05794	925	1018	867	1071	923	988
SMU109_05799	2987	5468	6734	7443	9614	7027
SMU109_05804	4554	5290	4823	5562	5113	6160
SMU109_05809	617	586	620	584	519	634
SMU109_05814	699	1028	901	916	789	925
SMU109_05819	18500	22591	17542	19797	14975	19396
SMU109_05824	286	562	593	844	640	688
SMU109_05829	11457	13296	10533	12741	10475	13728
SMU109_05834	82	152	154	219	199	215
SMU109_05839	2388	2495	2013	2463	2092	2632
SMU109_05844	9611	10451	9674	10750	9479	12949
SMU109_05849	3452	4024	3349	3923	3559	5018
SMU109_05854	1219	2135	1709	2392	2059	2902
SMU109_05859	4033	4601	4077	4412	3916	5097
SMU109_05864	1063	1309	1088	1352	1052	1408
SMU109_05869	7251	9541	8838	10304	8366	9796
SMU109_05874	139	349	318	377	266	273
SMU109_05879	43297	34297	35218	37376	30407	32216
SMU109_05884	37510	33857	31533	36683	28412	28092
SMU109_05889	8393	7428	6310	6227	4744	5142
SMU109_05894	1590	2525	2785	3004	2505	1837
SMU109_05899	29026	26905	27653	30063	24157	22283
SMU109_05904	3356	3653	4720	4994	4277	4031
SMU109_05909	2038	3623	4469	4878	4078	4048
SMU109_05914	10067	11091	11682	12152	9666	9265
SMU109_05919	3946	3249	3407	3662	2826	2877
SMU109_05924	3626	4497	3663	4518	3805	5026
SMU109_05929	6258	6156	5276	5786	5117	6548
SMU109_05934	3402	4941	4926	5215	5169	6012
SMU109_05939	1952	3254	2670	3400	3052	3518
SMU109_05944	3091	2999	2164	2602	2708	3890
SMU109_05949	1605	2713	1896	2372	2492	3703
SMU109_05954	9303	10902	10170	11079	9492	9534
SMU109_05959	3006	4134	5083	4377	3371	3574
SMU109_05964	6343	6569	6507	6814	5164	5239
SMU109_05969	143	572	344	730	514	499
SMU109_05974	1152	1360	1237	1485	1157	1260
SMU109_05979	264	610	637	883	646	736
SMU109_05984	796	944	956	1206	958	1087
SMU109_05989	1999	2219	2320	2487	1999	2343
SMU109_05994	116107	126085	127617	143460	130948	142597
SMU109_05999	2433	2420	1354	1642	1728	2240
SMU109_06004	5518	6466	4459	5089	5624	7606
SMU109_06009	3619	4311	3443	4026	4292	6181
SMU109_06014	10370	13517	8077	10448	7837	7937
SMU109_06019	2821	2879	2100	2311	2052	2652
SMU109_06024	1556	1498	1449	1414	1107	1389
SMU109_06029	0	0	0	0	0	0
SMU109_06034	0	0	0	0	0	0
SMU109_06039	1009	1911	1597	2020	1406	1573
SMU109_06044	1205	1252	1178	1334	1080	1235
SMU109_06059	900	1434	1499	1623	1193	1225
SMU109_06064	2578	2642	2339	2556	2098	2226
SMU109_06069	2750	2760	2537	2957	2270	2975
SMU109_06074	2158	1935	1965	2047	1745	2468
SMU109_06079	1501	1860	1500	1967	1428	1946
SMU109_06084	895	1158	1025	1442	1033	1442
SMU109_06091	0	0	0	0	0	0
SMU109_06096	0	0	0	0	0	0
SMU109_06101	0	0	0	0	0	0
SMU109_06106	0	0	0	0	0	0
SMU109_06111	0	0	0	0	0	0
SMU109_06116	65	100	53	80	61	104
SMU109_06121	943	1131	902	996	960	1293
SMU109_06126	907	1302	984	1116	1050	1253
SMU109_06131	13973	21012	9889	14295	10864	40561
SMU109_06136	1819	1522	1601	1716	1556	1759
SMU109_06141	5686	9096	7838	10549	8728	9438
SMU109_06146	7638	9066	8939	9282	8203	8545
SMU109_06151	9526	10733	10744	11648	9909	10241
SMU109_06156	1754	2284	1821	2215	2207	2069
SMU109_06161	0	0	0	0	0	0
SMU109_06166	0	0	0	0	0	0
SMU109_06171	0	0	0	0	0	0
SMU109_06176	849	983	831	877	932	1003
SMU109_06181	7899	8358	6914	7711	6110	6507
SMU109_06186	87	165	127	118	172	172
SMU109_06191	131	227	140	158	244	259
SMU109_06196	1400	1725	1244	1358	1571	2117
SMU109_06201	4256	4003	2663	3097	3642	4436
SMU109_06206	2439	3565	2046	2511	2721	3349
SMU109_06211	4138	4972	3265	3567	4197	5159
SMU109_06216	846	1302	824	1008	869	1082
SMU109_06221	2950	2629	2181	2320	2154	3207
SMU109_06226	2279	2889	2091	2562	2229	3221
SMU109_06231	5272	7868	5118	6331	6458	11126
SMU109_06236	978	1754	1237	1517	1548	1551
SMU109_06241	6187	4860	4724	4409	4061	4807
SMU109_06246	2242	2144	2692	2703	2518	2768
SMU109_06251	2431	2390	2776	3018	2663	2898
SMU109_06256	6727	6726	6795	7060	6296	6814
SMU109_06261	15	33	276	586	87	31
SMU109_06276	99856	629	118199	167570	533	432
SMU109_06281	636	2256	1625	2093	1562	3182
SMU109_06286	383	427	300	356	261	419
SMU109_06291	153	280	223	226	236	215
SMU109_06296	155	156	134	160	94	115
SMU109_06301	184	179	139	173	141	172
SMU109_06306	9047	10375	8157	9994	9468	16577
SMU109_06311	557	1118	1003	1155	955	1142
SMU109_06316	2093	1837	1447	1458	1223	1653
SMU109_06321	1280	1275	1058	1141	909	1177
SMU109_06326	1345	1438	1251	1362	1042	1436
SMU109_06331	2961	2362	2385	2585	2141	2326
SMU109_06336	200	438	650	627	685	701
SMU109_06341	3826	4749	4487	4877	4740	4726
SMU109_06346	2642	4512	4308	5188	4955	4703
SMU109_06351	3942	5037	4572	5073	4977	5057
SMU109_06356	6827	7938	6808	7541	6972	8317
SMU109_06361	1599	4626	2869	4086	3617	5423
SMU109_06366	2253	2444	1462	1986	1601	2691
SMU109_06381	1046	1539	1452	1713	1547	2548
SMU109_06396	1527	1466	1157	1308	1222	2079
SMU109_06401	78	150	59	92	589	86
SMU109_06406	218	318	183	208	1667	155
SMU109_06411	588	593	485	560	460	616
SMU109_06426	14	10	3	5	2	8
SMU109_06431	0	1	1	1	1	1
SMU109_06436	19	24	12	7	8	10
SMU109_06441	42	36	12	13	29	29
SMU109_06446	1009	986	747	875	789	866
SMU109_06451	21	254	131	275	224	204
SMU109_06456	40	108	93	124	99	107
SMU109_06461	178	169	143	145	152	170
SMU109_06466	118	329	359	350	977	254
SMU109_06471	808	1468	1431	1631	4386	1257
SMU109_06476	980	1245	817	1108	2503	862
SMU109_06481	4819	4299	3561	3922	3188	3344
SMU109_06486	489	484	403	380	435	521
SMU109_06491	9003	11356	10502	10590	18604	10292
SMU109_06496	5878	6467	5822	6727	5239	5257
SMU109_06501	1687	1614	2021	2051	1797	1855
SMU109_06506	3003	2889	2819	3062	2604	2646
SMU109_06511	18902	22075	19780	21885	20149	24406
SMU109_06516	3731	2892	3284	3315	3201	3683
SMU109_06521	6062	7786	7119	7969	6012	6896
SMU109_06526	8467	10389	10770	11868	9632	10988
SMU109_06531	5115	6091	5678	7038	5313	6450
SMU109_06536	1816	1507	1385	1290	1097	778
SMU109_06541	1484	1446	1241	1169	1096	823
SMU109_06546	1613	1695	1350	1355	1207	919
SMU109_06551	810	1407	1192	1337	1414	887
SMU109_06556	3283	2632	2637	2690	2395	3036
SMU109_06561	420	1187	1059	1397	1219	1458
SMU109_06566	6659	7778	6901	8187	6476	8548
SMU109_06571	127	271	261	431	386	380
SMU109_06576	20499	21601	12500	16414	14493	26701
SMU109_06581	72929	76755	48559	61343	51029	91633
SMU109_06586	36388	47266	28891	39256	32584	57523
SMU109_06591	65105	81343	50342	62565	51875	94848
SMU109_06596	14229	21556	15691	21041	17665	30766
SMU109_06601	21893	25075	16402	22202	17850	32483
SMU109_06606	22941	33334	21900	29238	24556	44820
SMU109_06611	8879	10930	10933	10347	9703	19646
SMU109_06616	5272	6758	5621	6287	5460	7265
SMU109_06621	2081	2760	2009	2479	2154	3038
SMU109_06626	839	1414	1187	1248	1202	1593
SMU109_06631	2012	1843	1654	1561	1482	2087
SMU109_06636	3272	2756	2733	2567	2399	3364
SMU109_06641	449	395	421	372	326	511
SMU109_06646	14443	14882	13704	14573	13514	19077
SMU109_06651	5646	6035	4995	5652	5016	6767
SMU109_06656	8252	8704	8004	8704	7630	9754
SMU109_06661	695	1362	1105	1350	1062	924
SMU109_06666	202	511	428	480	393	318
SMU109_06671	697	715	825	907	791	672
SMU109_06676	1572	1480	1701	1819	1647	1467
SMU109_06681	319	342	555	620	598	408
SMU109_06686	405	357	772	766	806	523
SMU109_06691	317	237	497	506	509	338
SMU109_06696	79	88	179	187	203	153
SMU109_06701	104	92	140	118	127	108
SMU109_06706	1532	3732	2727	4052	3630	4565
SMU109_06711	7388	5457	4240	4437	3956	5581
SMU109_06716	2522	2531	2121	2465	2211	2835
SMU109_06721	983	847	785	814	743	890
SMU109_06726	461	422	337	359	344	622
SMU109_06731	8640	8157	4458	5590	5579	14092
SMU109_06736	5724	7965	4604	6260	6374	15016
SMU109_06741	22310	25936	15741	20116	19452	48267
SMU109_06746	3979	5537	4754	5518	4620	4786
SMU109_06751	3302	3071	2981	3053	2406	2651
SMU109_06756	99	731	676	1039	642	900
SMU109_06761	3673	3471	2978	3281	2863	3310
SMU109_06766	360	761	532	872	716	793
SMU109_06771	1461	1678	1508	1627	1335	1739
SMU109_06776	2476	3189	2547	2634	2247	2570
SMU109_06781	78	1547	78	72	74	149
SMU109_06786	96	3517	98	111	122	390
SMU109_06791	5276	6442	3358	4800	3875	4755
SMU109_06796	1272	1430	1207	1443	1261	1679
SMU109_06801	15068	18939	28258	29706	23848	24974
SMU109_06806	1956	2397	3217	3578	2952	3080
SMU109_06811	1123	934	819	974	824	946
SMU109_06816	1366	1829	1253	1787	1351	1756
SMU109_06821	3994	3616	2373	3008	2461	4199
SMU109_06826	6106	6066	6001	6550	5354	6310
SMU109_06831	7500	9273	8237	9418	8679	10442
SMU109_06836	5546	7075	6461	7108	5902	7211
SMU109_06841	563	658	563	629	549	537
SMU109_06846	1460	1657	1562	1662	1480	1400
SMU109_06851	1244	1292	1348	1418	1290	1260
SMU109_06856	2061	2035	2108	2240	2186	1910
SMU109_06861	1215	1019	1100	1166	1107	962
SMU109_06866	166	416	552	649	590	486
SMU109_06871	1500	1644	1924	2006	1781	1414
SMU109_06876	188	578	198	260	234	200
SMU109_06881	3906	4632	2918	3260	3386	4591
SMU109_06886	952	1026	669	867	838	1123
SMU109_06891	2690	2444	2431	2432	2550	2803
SMU109_06896	10051	12843	12167	14051	11272	15377
SMU109_06901	1598	1814	1529	2071	1680	2004
SMU109_06906	12943	14389	11551	13755	12189	14027
SMU109_06911	68	77	57	64	54	49
SMU109_06916	770	781	636	647	540	731
SMU109_06921	3983	3686	2626	2857	2741	3712
SMU109_06926	594	569	427	511	405	627
SMU109_06931	1426	2021	1491	1949	1747	2112
SMU109_06936	74	99	66	91	81	68
SMU109_06941	991	288	210	228	247	322
SMU109_06946	2426	1383	891	968	597	903
SMU109_06951	3401	3328	2803	3039	2223	2443
SMU109_06956	1554	1552	1552	1966	1509	1518
SMU109_06961	1901	2059	1600	1791	1277	1994
SMU109_06966	10498	9929	4689	5623	4149	7016
SMU109_06971	201	261	178	249	196	158
SMU109_06976	1572	1438	971	1054	1025	1466
SMU109_06981	1409	1550	1232	1366	1320	1767
SMU109_06986	1317	1126	886	1038	918	1174
SMU109_06991	3198	3386	3408	3498	2630	2706
SMU109_06996	7809	9001	8845	9886	7564	8219
SMU109_07001	1843	1787	1826	1920	1563	1624
SMU109_07006	3785	3811	3701	3576	2804	3172
SMU109_07011	1757	2278	2076	2503	1843	1883
SMU109_07016	3845	4571	4143	4165	3406	3514
SMU109_07021	11657	10822	10416	11351	9900	12020
SMU109_07026	2575	2008	2206	2360	1987	2195
SMU109_07031	14104	14963	13993	15351	13577	15636
SMU109_07036	7107	8745	8665	9604	8650	8890
SMU109_07041	2696	2458	2916	3087	2614	3175
SMU109_07046	2132	2194	1498	1619	2030	3364
SMU109_07051	2637	3781	1765	2154	2512	4836
SMU109_07056	3036	2753	1507	1690	2069	3650
SMU109_07061	116	530	313	711	629	683
SMU109_07066	6615	8444	9058	10528	7995	10184
SMU109_00350	1103	3030	3511	4263	3307	2499
SMU109_00355	32144	38153	32858	39062	36249	34752
SMU109_00360	2333	5458	5318	6826	6197	5161
SMU109_00365	1677	3278	3252	4191	4400	3856
SMU109_00370	2517	4698	4994	6260	5531	5348
SMU109_00375	18	654	628	1027	891	926
SMU109_00380	587	1889	1884	2716	2230	2118
SMU109_00385	1365	2012	2187	2484	2257	2314
SMU109_00390	3084	5706	6282	7440	6962	6385
SMU109_00395	931	1180	1300	1661	1418	1534
SMU109_00400	5285	6575	7460	8081	6873	5866
SMU109_00405	250	374	303	388	304	308
SMU109_00410	1148	2386	1572	2093	1867	2125
SMU109_00415	1637	2344	1813	2228	1851	2103
SMU109_00420	363	606	550	0	550	777
SMU109_00425	5662	7262	5633	0	6331	9557
SMU109_00430	298	649	835	0	644	694
SMU109_00435	638	879	766	0	813	898
SMU109_07071	0	0	0	0	0	0
SMU109_07076	0	0	0	0	0	0
SMU109_07081	304	624	590	698	642	819
SMU109_07086	9378	11918	9708	11578	10227	14450
SMU109_07091	6364	6210	4880	5063	4304	5086
SMU109_07096	3107	3845	3171	3447	2914	3717
SMU109_07101	1133	1382	1271	1356	1223	1634
SMU109_07106	1282	1151	955	1047	916	1050
SMU109_07111	4728	4671	3685	4032	3892	5995
SMU109_07116	2854	3035	2286	2544	2412	3579
SMU109_07121	2403	2755	2223	2423	2385	3686
SMU109_07126	1033	1397	1149	1307	1295	2082
SMU109_07131	798	928	944	1031	872	1043
SMU109_07136	693	660	657	763	662	586
SMU109_07146	0	0	0	0	0	0
SMU109_07151	2862	3246	2789	3332	3128	3635
SMU109_07156	1391	1692	1466	1860	1679	2650
SMU109_07161	112	164	188	214	226	282
SMU109_07166	3300	4019	3022	3209	3641	4376
SMU109_07171	3257	3794	2622	3217	3036	4623
SMU109_07176	10288	11729	8611	9610	9773	15493
SMU109_07181	3752	4318	3058	3759	3618	5732
SMU109_07186	287	379	294	335	257	413
SMU109_07191	434	333	342	347	267	424
SMU109_07196	727	962	793	1015	867	1213
SMU109_07201	2845	2636	2009	2169	2019	3466
SMU109_07206	1822	2286	1357	1850	1317	2215
SMU109_07211	5898	5725	4244	4932	4328	6194
SMU109_07216	1098	1351	1176	1357	1180	1680
SMU109_07221	1642	1957	1746	1948	1790	2414
SMU109_07226	4072	4299	3982	4455	4295	5198
SMU109_07231	1804	3411	3332	3993	3592	4239
SMU109_07236	2760	3352	3167	3420	3424	3800
SMU109_07241	1439	2874	2740	3072	3077	3342
SMU109_07246	4018	3649	3087	3190	3135	3227
SMU109_07251	657	655	456	471	411	501
SMU109_07256	511	501	379	439	369	467
SMU109_07261	1676	1639	1175	1269	1178	1572
SMU109_07266	3012	2536	1929	2014	2088	3071
SMU109_07271	410	552	387	527	413	616
SMU109_07276	0	0	0	0	0	0
SMU109_07281	0	0	0	0	0	0
SMU109_07286	0	0	0	0	0	0
SMU109_07291	717	1319	895	1017	6180	999
SMU109_07296	1070	1170	982	1064	980	1469
SMU109_07301	935	814	755	747	726	1077
SMU109_07306	29	51	56	48	61	38
SMU109_07311	15811	18117	12614	15267	13662	10367
SMU109_07316	24888	28720	24481	27838	26663	19787
SMU109_07321	323	429	382	442	368	438
SMU109_07326	597	1005	863	948	794	1106
SMU109_07331	631	1286	1126	1092	879	1157
SMU109_07336	2299	2392	1918	2119	1270	2024
SMU109_07341	1147	1421	1158	1342	711	1268
SMU109_07346	1360	1031	786	879	731	956
SMU109_07351	1938	1657	1230	1467	1279	1783
SMU109_07356	707	776	562	601	582	954
SMU109_07361	1091	994	666	748	605	1100
SMU109_07366	2741	2761	2579	2825	2167	2603
SMU109_07371	5123	7481	6957	7721	6387	7382
SMU109_07376	5235	4954	3821	4194	3473	4080
SMU109_07381	3512	4693	3839	5175	4099	4585
SMU109_07386	17004	16289	14866	15963	12994	13981
SMU109_07391	14805	16002	15342	14083	11491	15324
SMU109_07396	16727	22286	9785	11418	11326	11538
SMU109_07401	623	1433	1005	1102	737	673
SMU109_07406	1984	2309	2781	3095	2566	3727
SMU109_07411	2973	4133	3277	3468	2731	3928
SMU109_07416	494	411	253	308	417	416
SMU109_07421	997	859	561	602	955	893
SMU109_07426	748	644	403	479	705	689
SMU109_07431	340	411	185	269	427	396
SMU109_07436	926	939	487	545	843	857
SMU109_07441	91	149	98	124	85	102
SMU109_07446	1526	1902	1393	1726	1446	1941
SMU109_07451	223	269	238	281	197	327
SMU109_07466	412	376	763	713	621	535
SMU109_07471	3497	3780	7867	8439	6154	4901
SMU109_07476	6402	7794	14657	16356	11909	9823
SMU109_07481	32042	36089	36787	40913	33698	30002
SMU109_07486	18486	21406	20187	21004	34370	18619
SMU109_07491	1603	2880	2432	3085	2527	2613
SMU109_07496	1326	2578	2628	2867	2291	2521
SMU109_07501	3804	3831	3605	3710	3071	4174
SMU109_07506	14033	17513	16131	18024	14907	18912
SMU109_07511	2961	3299	2491	2697	2025	3167
SMU109_07516	205	168	377	344	268	123
SMU109_07521	56	116	74	81	53	87
SMU109_07526	148	190	105	121	102	143
SMU109_07531	1912	2072	1902	1764	1529	2240
SMU109_07536	4327	4556	4120	4776	3581	4729
SMU109_07541	5739	6035	5572	6460	4815	6944
SMU109_07546	6772	7901	7044	7900	5296	7902
SMU109_07551	2196	1653	1932	0	1816	2439
SMU109_07556	44470	45097	37429	0	37923	48523
SMU109_07561	5791	5666	4168	0	3559	5059
SMU109_07566	3026	4046	3253	0	2824	3641
SMU109_07571	3141	3800	3894	0	4756	3177
SMU109_07576	2802	2928	2920	0	2806	3167
SMU109_07581	1931	2211	2168	0	2237	2100
SMU109_07586	4449	5895	5946	0	5400	6410
SMU109_07591	11307	8508	7097	0	6408	7476
SMU109_07596	8875	9204	9022	0	8029	9519
SMU109_07601	445	1320	1286	0	1401	1033
SMU109_07606	3096	3732	2883	0	3011	2789
SMU109_07611	6724	6689	6313	0	6512	6684
SMU109_07616	11898	14602	15777	0	15552	15537
SMU109_07621	449	1089	1156	0	1060	1103
SMU109_07626	2617	3405	3016	0	2914	2853
SMU109_07631	1416	1491	1278	0	1128	1161
SMU109_07636	324	805	671	0	784	853
SMU109_07641	1147	1881	1312	0	1552	1951
SMU109_07646	1782	2430	1614	0	1850	2381
SMU109_07651	1014	1415	1118	1323	1285	1836
SMU109_07656	732	599	407	455	532	709
SMU109_07661	1121	1368	1018	1114	1141	1646
SMU109_07666	894	1178	1456	1669	1470	1805
SMU109_07671	975	1916	1744	1927	1735	1759
SMU109_07676	1644	1868	1717	2077	1850	2103
SMU109_07681	3325	3823	3234	3633	3479	4017
SMU109_07686	7013	7648	5896	6409	6267	8118
SMU109_07691	592	1178	835	1199	880	778
SMU109_07696	6578	5692	4622	5079	3884	5116
SMU109_07701	0	2	2	1	0	0
SMU109_07706	0	0	0	0	0	0
SMU109_00442	473	774	595	580	755	387
SMU109_00447	3317	5582	5000	4495	4976	1269
SMU109_00452	1296	1759	1875	2074	1917	2092
SMU109_00457	2613	2716	2863	3286	2950	3322
SMU109_00462	992	2283	2305	2536	2319	2707
SMU109_00467	1837	3151	2745	3320	3266	3912
SMU109_00472	4780	5131	4367	5305	4364	6105
SMU109_00477	3058	3597	2920	3351	2987	4251
SMU109_00482	1979	1969	2092	2258	1799	2249
SMU109_00487	3307	2343	2720	2617	2165	2643
SMU109_00492	5532	4401	4151	4197	3507	4110
SMU109_00497	3576	2977	3038	3201	2751	3474
SMU109_00502	3625	5111	5104	5797	4841	5734
SMU109_00507	4392	4996	4870	5164	4303	5437
SMU109_00512	4205	4607	4203	4794	3936	5081
SMU109_00517	4022	4019	3717	3656	2960	3875
SMU109_00522	529	543	421	429	505	544
SMU109_00527	300	339	210	186	241	295
SMU109_00532	0	1	0	0	0	0
SMU109_00537	0	0	0	0	0	0
SMU109_00542	0	0	0	0	0	0
SMU109_00547	0	0	0	0	0	0
SMU109_00552	0	0	0	0	0	0
SMU109_00557	0	0	0	0	0	0
SMU109_00562	0	0	0	0	0	0
SMU109_00567	0	0	0	0	0	0
SMU109_00572	0	0	0	0	0	0
SMU109_00577	0	0	0	0	0	0
SMU109_00582	0	0	0	0	0	0
SMU109_00587	0	0	0	0	0	0
SMU109_00592	0	0	0	0	0	0
SMU109_00597	0	0	0	0	0	0
SMU109_00602	0	0	0	0	0	0
SMU109_00607	0	0	0	0	0	0
SMU109_00612	0	0	0	0	0	0
SMU109_00617	0	0	0	0	0	0
SMU109_00622	0	0	0	0	0	0
SMU109_00627	0	0	0	0	0	0
SMU109_00632	0	0	0	0	0	0
SMU109_00637	0	0	0	0	0	0
SMU109_00642	0	0	0	0	0	0
SMU109_00647	0	0	0	0	0	0
SMU109_00652	0	0	0	0	0	0
SMU109_00657	0	0	0	0	0	0
SMU109_00662	0	0	0	0	0	0
SMU109_00667	20436	27582	31599	33578	25479	26078
SMU109_00672	30546	36074	42914	45858	35147	33287
SMU109_00677	4682	5580	3676	4490	4561	6441
SMU109_00682	336	597	485	596	503	861
SMU109_00687	669	874	946	1085	998	1374
SMU109_00692	1028	1743	1526	1985	1889	2131
SMU109_00697	1936	2038	2221	2248	2189	2659
SMU109_00702	2860	3702	3412	3865	3586	3984
SMU109_00707	7768	9724	8354	10487	8889	9903
SMU109_00712	17486	24466	23392	27513	23350	25543
SMU109_00717	494	3678	3006	5043	4454	4251
SMU109_00722	5312	7652	7209	9012	8122	8419
SMU109_00727	1932	2121	1835	2156	2086	3213
SMU109_00732	1875	2260	1963	2336	1895	3049
SMU109_00737	6546	7082	6758	7367	7220	8813
SMU109_00742	7082	7085	6243	7245	6976	8387
SMU109_00747	1094	1786	3397	3291	3888	2702
SMU109_00752	1166	1709	2677	2633	3168	2488
SMU109_00757	1681	1776	1609	1925	1536	1869
SMU109_00762	2345	2684	2449	2914	2311	2919
SMU109_00767	2632	2974	2662	3013	2493	3062
SMU109_00772	41	62	42	39	60	124
SMU109_00777	36	71	54	59	79	137
SMU109_00782	100	112	64	65	107	200
SMU109_00787	121	110	72	55	117	241
SMU109_00792	92	155	78	74	146	233
SMU109_00797	125	156	94	108	158	185
SMU109_00802	3658	4957	5796	6262	5138	6009
SMU109_00807	3540	5428	4721	6038	4928	4908
SMU109_00812	2219	3917	3921	4552	3940	3764
SMU109_00817	3419	4157	3568	4284	3606	3369
SMU109_07711	541	588	497	584	540	451
SMU109_07716	1411	1568	1406	1639	1495	1909
SMU109_07721	2142	2434	2379	2968	2399	3068
SMU109_07726	3250	3101	2923	3369	2682	3620
SMU109_07731	7219	6833	5436	6026	4722	6706
SMU109_07736	1318	1716	1465	1669	1445	1321
SMU109_07741	6203	7509	6306	7528	7124	8558
SMU109_07746	6387	9946	7919	10150	9701	13249
SMU109_07751	1030	2293	2179	3066	2844	3873
SMU109_07756	3	5	5	21	6	12
SMU109_07761	11424	13509	11339	13342	11863	13433
SMU109_07766	2355	3249	2809	3356	3164	3953
SMU109_07771	2452	2369	1690	1982	3071	2900
SMU109_07776	25594	24270	23274	25385	22943	28819
SMU109_07781	10302	12295	12205	13962	12221	13139
SMU109_07786	4880	5962	5963	7391	6448	6590
SMU109_07791	9981	7670	8413	9288	8560	9400
SMU109_07796	1299	3294	2603	3797	2748	2610
SMU109_07801	3655	4524	4130	5018	4301	4836
SMU109_07806	6839	8042	6475	7716	6793	7568
SMU109_07811	12027	14855	15329	18697	15359	23408
SMU109_07816	29560	30367	35159	41193	33467	49095
SMU109_07821	39	719	388	846	640	737
SMU109_07826	760	1338	892	1011	1003	1285
SMU109_07831	2099	2510	1576	1831	1651	2642
SMU109_07836	2036	3088	1616	1996	1694	2813
SMU109_07841	7209	7549	5491	5983	4839	5300
SMU109_07846	3113	3805	3834	4121	3345	4742
SMU109_07851	18428	21371	14990	19347	18808	24889
SMU109_07856	2741	5514	5605	6514	6113	5415
SMU109_07861	4442	4261	4060	4722	4497	3909
SMU109_07866	3574	5037	4348	5307	4959	4505
SMU109_07871	6353	7737	6717	7656	7231	7004
SMU109_07876	9547	9249	8597	9787	9050	8669
SMU109_07881	6345	8028	7937	8560	7778	7559
SMU109_07886	2753	3165	2696	2937	2757	2594
SMU109_07891	4326	4042	3333	3652	2518	3686
SMU109_07896	1467	1450	1314	1472	1037	1411
SMU109_07901	2401	2555	2313	2627	1788	2685
SMU109_07906	6979	7642	5994	6299	4844	6825
SMU109_07911	2705	2886	2686	2991	2197	2377
SMU109_07916	1356	2638	2753	3026	2497	2751
SMU109_07921	39	48	60	62	48	58
SMU109_07926	17	49	63	65	77	53
SMU109_07931	29	62	69	75	92	64
SMU109_07936	2276	1919	1194	1387	1276	3211
SMU109_07941	1235	1716	974	1431	1434	3347
SMU109_07946	1264	1615	1197	1392	1387	3272
SMU109_07951	2866	3097	1877	2196	2215	5501
SMU109_07956	133	485	325	482	434	999
SMU109_07961	0	0	0	0	0	0
SMU109_07966	0	0	0	0	0	0
SMU109_07971	0	0	0	0	0	0
SMU109_07976	0	0	0	0	0	0
SMU109_07981	0	0	0	0	0	0
SMU109_07986	109	54	42	0	55	67
SMU109_07991	2997	2232	1986	0	2941	2253
SMU109_07996	1026	1004	893	0	1395	1129
SMU109_08001	22564	23479	19203	0	31553	28206
SMU109_08006	2051	5305	4656	0	4585	4081
SMU109_08011	19	163	157	0	159	161
SMU109_08016	3947	4947	4441	0	4886	5061
SMU109_08021	7471	8289	8722	0	9859	10338
SMU109_08026	9526	10274	8876	0	9824	11643
SMU109_08031	480	2258	1538	0	3114	2402
SMU109_08036	2549	3265	3390	0	4933	4157
SMU109_08041	979	4313	3626	0	5691	4310
SMU109_08046	4525	10836	6714	0	12032	10239
SMU109_08051	17221	19811	18283	0	16255	18666
SMU109_08056	6345	7889	6305	0	5496	7009
SMU109_08061	1072	2530	2247	0	2595	3091
SMU109_08066	1600	2845	2602	0	2962	3582
SMU109_08071	5158	6139	5345	0	6065	8296
SMU109_08076	391	784	675	0	613	792
SMU109_08081	11641	12121	11229	0	10862	13385
SMU109_08086	3520	2639	2462	0	2279	2979
SMU109_08091	1092	1679	1605	0	1624	1970
SMU109_08096	293	747	695	0	659	709
SMU109_08101	186	289	241	0	253	255
SMU109_08106	207	243	250	0	231	206
SMU109_08111	5057	5155	4348	0	3741	3549
SMU109_08116	6261	7410	6796	8208	6999	7856
SMU109_08121	7643	8179	7631	8362	6716	8092
SMU109_08126	750	1072	847	979	680	1735
SMU109_08131	5273	6804	5214	5927	4397	7068
SMU109_08136	0	0	0	0	0	0
SMU109_08141	6	14	14	19	22	36
SMU109_08146	116	117	85	114	114	142
SMU109_08155	150	183	121	117	116	192
SMU109_08160	349	506	441	494	435	538
SMU109_08165	3215	3216	2632	2916	2633	3499
SMU109_08170	4504	3785	2916	3176	2783	3743
SMU109_08175	1731	3737	2104	2991	1496	1591
SMU109_08180	1590	1331	1689	1695	1150	972
SMU109_08185	16903	22233	16894	18913	16619	25033
SMU109_08190	1465	979	1200	1302	1077	957
SMU109_08205	5679	7061	11114	12631	9277	10376
SMU109_08210	4864	6262	11002	12057	9226	9112
SMU109_08215	16	10	11	14	14	13
SMU109_08220	27612	32077	29440	35483	24945	28191
SMU109_08225	620	1630	1213	1752	1463	1985
SMU109_08230	2639	2783	1915	2068	1820	2052
SMU109_08235	856	1265	1051	1243	982	1404
SMU109_08240	917	1359	1110	1235	1012	1523
SMU109_08245	1811	2190	1911	1995	1722	2597
SMU109_08250	1614	1653	1573	1596	1327	2000
SMU109_08255	7103	7433	4994	5242	5402	8085
SMU109_08260	19838	21988	9949	11828	12698	22333
SMU109_08265	1045	1015	346	417	430	909
SMU109_08270	2128	2432	803	973	1048	2005
SMU109_08275	3347	3877	1909	2303	2299	3833
SMU109_08290	1525	1693	1630	1914	1812	1725
SMU109_08295	2034	2990	3102	3813	2974	3838
SMU109_08300	5402	7681	7308	8869	7469	9445
SMU109_08305	7093	9836	8827	10050	8352	11040
SMU109_08310	9492	9469	6851	6789	5567	6735
SMU109_08315	1869	2196	1349	1477	1250	1503
SMU109_08320	1027	963	1284	1234	801	655
SMU109_08325	1395	2488	1773	2596	2178	2287
SMU109_08330	7982	8069	5712	6237	5610	9321
SMU109_08335	6401	5957	4585	4983	4851	7483
SMU109_08340	4901	5199	4052	4693	4370	6985
SMU109_08345	25669	27611	23902	26754	21466	35859
SMU109_08350	252	204	221	218	199	206
SMU109_08355	357	473	434	520	421	498
SMU109_08360	131	165	138	153	140	194
SMU109_08365	190	245	189	212	202	254
SMU109_08370	304	373	283	327	314	402
SMU109_08375	222	221	163	209	174	222
SMU109_08380	49	42	33	32	52	58
SMU109_08385	99	113	107	115	141	161
SMU109_08390	2577	2872	2366	2723	2029	2029
SMU109_08395	380	1227	1202	1275	945	1120
SMU109_08400	54	129	119	150	115	113
SMU109_08405	144697	135423	109658	121191	87177	117126
SMU109_08410	2376	4461	3201	4255	3281	4472
SMU109_08415	2727	3202	1962	2383	2020	4322
SMU109_08420	411	1769	1144	1602	1502	2969
SMU109_08427	123	204	230	251	287	132
SMU109_08432	168	184	194	215	323	104
SMU109_08437	157	114	201	221	284	87
SMU109_08442	68	95	139	182	268	81
SMU109_08447	101	171	144	182	202	170
SMU109_08452	934	1005	1132	1227	985	1133
SMU109_08457	10107	9789	7619	8077	6805	8186
SMU109_08462	10775	9586	7902	7863	6893	8074
SMU109_08467	4442	7120	5763	5992	5491	6653
SMU109_08472	4182	5730	4158	4833	4107	4772
SMU109_08477	23902	19395	13640	15065	12677	17255
SMU109_08482	1967	1831	1916	2057	1576	1683
SMU109_08487	1310	1208	1425	1452	1140	1198
SMU109_08492	12771	14203	14983	16809	13463	15137
SMU109_08497	4033	4852	5555	6751	5199	5791
SMU109_08502	21692	19866	22378	24149	19620	22532
SMU109_08507	15760	18043	21779	23586	18978	22098
SMU109_08512	7537	10869	11642	13640	10150	11941
SMU109_08517	8796	12081	10832	12005	10939	12417
SMU109_08522	8153	9878	9351	10555	9043	11173
SMU109_08527	859	1764	1616	1725	1414	1847
SMU109_08532	3008	2808	3002	3028	2256	2784
SMU109_08537	6175	6327	5137	5279	3835	5335
SMU109_08542	2560	2748	2207	2481	1796	2279
SMU109_08547	54	99	74	132	95	110
SMU109_08552	536	417	601	680	511	536
SMU109_08557	1137	906	1126	1301	970	985
SMU109_08562	647	940	939	1123	888	1081
SMU109_08567	6968	10708	7255	9439	7892	10962
SMU109_08572	4896	5389	4903	5522	4778	5082
SMU109_08577	0	0	0	1	0	0
SMU109_08582	18687	21263	14848	17382	15617	16605
SMU109_08587	6630	6918	5049	6182	5687	6001
SMU109_08592	18011	18925	14038	16374	14695	17551
SMU109_08597	18374	19573	17306	19773	16476	21340
SMU109_08602	3751	3905	3243	3769	3120	4425
SMU109_08607	1065	2006	1996	2171	1777	2013
SMU109_08612	13955	15002	12416	14105	11302	15503
SMU109_08617	5592	4034	4355	4140	3206	4548
SMU109_08622	1977	1966	1597	1612	1323	1889
SMU109_08627	2763	3174	2771	2977	2250	2959
SMU109_08632	0	0	0	0	0	0
SMU109_08637	0	0	0	0	0	0
SMU109_08642	0	0	0	0	0	0
SMU109_08647	0	0	0	0	0	0
SMU109_08652	42098	33886	27089	29216	22382	21085
SMU109_08657	1087	2545	2208	2872	2765	2558
SMU109_08662	629	740	560	574	520	573
SMU109_08667	2496	3241	2752	2983	2444	2402
SMU109_08672	0	0	0	0	0	0
SMU109_08677	0	0	0	0	0	0
SMU109_08682	0	0	0	0	0	0
SMU109_08687	0	0	0	0	0	0
SMU109_08692	893	1204	1056	1211	1044	1039
SMU109_08697	0	0	0	0	0	0
SMU109_08702	1008	1018	908	0	762	1319
SMU109_08707	1123	1139	916	0	1004	876
SMU109_08712	796	627	696	0	661	507
SMU109_08717	4644	5121	5200	0	4145	3945
SMU109_00822	877	1212	774	1011	795	944
SMU109_00827	996	1293	948	1039	895	1114
SMU109_00832	284	682	286	309	299	355
SMU109_00837	587	1683	1429	2243	1961	1998
SMU109_00842	4277	4002	4323	4728	4754	5124
SMU109_00847	1181	1598	1796	2120	2051	2125
SMU109_00852	9820	9563	9051	9921	9901	10399
SMU109_00857	1289	1884	1969	2242	2003	2127
SMU109_00862	20245	27784	25355	30552	29059	22681
SMU109_00867	15754	18722	16525	20393	18348	14001
SMU109_00872	657	937	764	1022	713	794
SMU109_00877	1444	1230	989	1043	834	901
SMU109_00882	6580	6944	5174	5974	4847	5597
SMU109_00887	563	1082	836	1060	996	1506
SMU109_00892	721	1087	928	1053	988	1782
SMU109_00897	231	284	268	324	302	577
SMU109_00902	394	502	448	507	501	878
SMU109_00907	1579	1855	1771	2298	1809	2155
SMU109_00912	36	42	67	69	59	41
SMU109_00917	4039	4655	4024	4693	3919	3395
SMU109_00922	2637	2379	2020	2333	2094	2951
SMU109_00927	2432	2610	2224	2610	2382	2874
SMU109_00932	2033	2313	1961	2459	2187	2304
SMU109_00937	17945	22301	21104	24207	21076	25911
SMU109_00942	3583	4104	4520	4864	4271	4304
SMU109_00947	3146	3562	4147	4734	3937	3755
SMU109_00952	2242	2012	2019	2077	1922	1741
SMU109_00957	1761	2759	3147	3330	2933	2652
SMU109_00962	3375	3094	3093	3405	2796	2646
SMU109_00967	2278	1777	2139	2242	1829	1622
SMU109_00972	3483	3129	3078	3218	2614	2565
SMU109_00977	3326	3608	3357	3475	2808	2680
SMU109_00982	1400	1751	1735	1933	1396	1376
SMU109_00987	621	716	591	645	590	921
SMU109_00992	5274	6528	5971	7335	5834	7996
SMU109_00997	4068	5250	5122	5385	5139	6406
SMU109_01002	7160	8342	6870	8064	7034	8430
SMU109_01007	7455	6774	4964	5686	4275	4923
SMU109_01012	15	21	26	27	22	20
SMU109_01017	374	368	346	398	398	410
SMU109_01022	107	183	164	159	187	185
SMU109_01027	5386	6085	5536	6843	6659	7360
SMU109_01032	3552	3378	2866	3343	3433	3892
SMU109_01037	2733	2376	2321	2578	2644	2973
SMU109_01042	2592	3092	2819	3355	3003	3311
SMU109_01047	8	28	23	38	38	26
SMU109_01052	1516	2256	1819	2337	1800	2331
SMU109_08722	398	1164	809	1143	1134	1697
SMU109_08727	3685	4999	2889	3935	3033	6829
SMU109_08732	653	1654	1108	1438	1234	2745
SMU109_08737	1516	3214	2119	3194	2466	4803
SMU109_08742	8035	7066	5025	5530	5020	8164
SMU109_08747	9529	9107	7416	7676	5885	9481
SMU109_08752	468	489	328	416	293	512
SMU109_08757	1226	1301	1201	1305	1053	1888
SMU109_08762	2251	2125	1696	1964	1693	2990
SMU109_08767	2672	2544	1884	2130	1853	3457
SMU109_08772	2382	2754	2180	2716	2332	4112
SMU109_08777	2108	2294	1768	2066	1767	3248
SMU109_08782	1631	2081	1492	1995	1413	1936
SMU109_08787	1548	1350	1162	1231	1056	1544
SMU109_08792	11717	16732	16401	19349	16725	20460
SMU109_08797	131	173	167	170	176	135
SMU109_08802	2434	3385	2917	3193	2367	3516
SMU109_08807	2203	3251	2706	3258	2598	2321
SMU109_08812	2855	3161	3017	3171	2745	2493
SMU109_08817	2793	2604	1587	1795	1454	1769
SMU109_08822	9118	10102	6449	7422	6284	8065
SMU109_08827	459	908	544	733	539	860
SMU109_08832	2392	2425	2011	2290	1706	1901
SMU109_08837	1865	1550	1417	1309	1022	1018
SMU109_08842	231	961	1027	0	1001	1052
SMU109_08847	1844	4792	3083	0	3773	4663
SMU109_08852	626	747	533	0	560	1055
SMU109_08857	2030	2597	2232	0	2244	3227
SMU109_08862	475	914	761	0	741	1095
SMU109_08867	821	1045	958	0	791	1115
SMU109_08872	1	0	1	0	0	0
SMU109_08877	0	0	0	0	0	0
SMU109_08882	0	0	0	0	0	0
SMU109_08887	0	0	0	0	0	0
SMU109_08892	6875	6846	4942	0	4684	6213
SMU109_08897	546	463	434	0	480	587
SMU109_08902	876	1248	1056	0	1040	1394
SMU109_08907	1413	1458	1038	0	1008	1339
SMU109_08912	317	291	258	0	247	445
SMU109_08917	4894	4638	4828	0	4334	3960
SMU109_08922	776	711	715	0	614	625
SMU109_08927	1353	3780	3243	0	4144	3616
SMU109_08932	0	0	0	0	0	0
SMU109_08939	0	0	0	0	0	0
SMU109_08944	0	0	0	0	0	0
SMU109_08949	641	440	2597	4320	435	419
SMU109_08954	963	381	2547	3981	332	338
SMU109_08959	3086	3459	2790	3148	2229	3041
SMU109_08964	6347	6856	8115	8981	6707	7232
SMU109_08969	5936	6825	6588	7571	6346	6226
SMU109_08974	7787	8304	7392	8517	6889	6967
SMU109_08979	5697	5375	4076	4255	3866	4999
SMU109_08984	1120	1441	1183	1443	1272	1771
SMU109_08989	3505	3843	3097	3302	3180	4648
SMU109_08994	4360	4563	3215	3614	3456	4905
SMU109_08999	4449	5073	4052	4312	4021	5404
SMU109_09004	3943	4217	3239	3538	3347	4433
SMU109_09009	873	1259	1375	1717	1977	1450
SMU109_09014	382	414	422	472	590	472
SMU109_09019	621	959	972	1176	1238	1223
SMU109_09024	1307	1658	1434	1668	1378	1900
SMU109_09029	921	1968	1794	2342	1953	2392
SMU109_09034	862	1110	1079	1162	981	1155
SMU109_09039	576	634	654	711	656	622
SMU109_09044	219	309	318	353	364	295
SMU109_09049	537	560	535	626	623	516
SMU109_09054	487	549	540	539	543	650
SMU109_09059	932	866	658	816	706	877
SMU109_09064	981	1653	1334	1460	1529	1752
SMU109_09069	217	252	239	286	272	352
SMU109_09074	482	576	431	522	502	580
SMU109_09079	1503	1717	1456	1558	1540	1889
SMU109_09084	2393	2841	2371	2502	2701	3320
SMU109_09089	1106	1479	1314	1337	1436	1778
SMU109_09094	2123	2537	2081	2405	2306	2736
SMU109_09099	0	0	0	0	0	0
SMU109_09104	0	0	0	0	0	0
SMU109_09109	0	0	0	0	0	0
SMU109_09114	0	0	0	0	0	0
SMU109_09119	0	0	0	0	0	0
SMU109_09134	0	0	0	0	0	0
SMU109_09139	0	0	1	0	0	0
SMU109_09144	312	377	487	0	406	218
SMU109_09149	513	844	935	0	917	927
SMU109_09154	94	1264	1134	0	1216	1153
SMU109_09159	5036	4636	3449	0	3239	3317
SMU109_09164	10354	7590	6061	0	4908	5452
SMU109_09169	11174	10857	7287	0	6434	10313
SMU109_09174	5510	6153	6727	0	5788	7601
SMU109_09179	7910	8133	6328	0	5910	9551
SMU109_09184	2585	4153	3075	0	3178	4954
SMU109_09189	2596	3235	2463	0	2427	3729
SMU109_09194	0	0	0	0	0	0
SMU109_09199	0	0	0	0	0	0
SMU109_09204	0	0	0	0	0	0
SMU109_09209	0	0	0	0	0	0
SMU109_09214	0	0	0	0	0	0
SMU109_09219	0	0	0	0	0	0
SMU109_09224	744	1051	699	924	859	1714
SMU109_09229	415	579	557	668	557	700
SMU109_09234	5236	5264	4693	5290	4371	5633
SMU109_09239	513	769	852	1065	958	1050
SMU109_09244	1997	2356	2288	2863	2555	2758
SMU109_09249	8995	8270	6929	7289	5836	6659
SMU109_09254	19239	17623	15417	16970	13685	14907
SMU109_09259	536	734	721	734	573	418
SMU109_01057	9378	7543	6216	6766	6533	8868
SMU109_01062	2540	2801	3028	3397	2646	2469
SMU109_01067	513	577	385	460	460	551
SMU109_01072	375	590	414	453	466	640
SMU109_01077	68	110	54	94	83	112
SMU109_01082	26233	18186	17570	17081	15379	18327
SMU109_01087	7115	6986	6711	7973	6573	10853
SMU109_01092	4107	4209	3587	4551	3406	6903
SMU109_01097	2076	2437	2354	2765	2225	3259
SMU109_01102	3440	2882	2577	2700	2279	3445
SMU109_01107	8050	9516	8059	9686	9287	17118
SMU109_01112	2540	3777	3067	3967	3729	5995
SMU109_01117	1018	838	857	784	709	781
SMU109_01122	1056	1718	1468	1918	1591	1621
SMU109_01127	929	1775	1624	1774	1498	1662
SMU109_01132	18602	24131	18688	22206	17817	15469
SMU109_01137	621	612	776	723	663	1153
SMU109_01142	77	151	120	162	345	138
SMU109_01147	172	150	135	145	310	125
SMU109_01152	311	266	167	192	154	199
SMU109_01157	81	89	66	103	84	70
SMU109_01162	4433	9140	7009	8104	7373	11247
SMU109_01167	57	97	84	97	81	119
SMU109_01172	3987	3200	2680	2888	2161	3003
SMU109_01177	12240	13095	11373	13032	9630	14218
SMU109_01182	16230	22149	19453	23550	18522	24056
SMU109_01187	0	0	0	0	0	0
SMU109_01192	0	0	0	0	0	0
SMU109_01197	16	54	31	39	19	45
SMU109_01202	888	911	836	1038	1015	1004
SMU109_01207	890	983	827	1000	968	1058
SMU109_01212	671	824	732	844	870	935
SMU109_01217	970	1003	889	1004	947	934
SMU109_01222	816	782	605	638	625	645
SMU109_01227	781	778	647	727	646	676
SMU109_01232	271	472	432	496	475	461
SMU109_01237	530	575	525	648	616	568
SMU109_01242	781	716	601	642	586	601
SMU109_01247	652	642	501	582	531	501
SMU109_01252	380	319	309	337	304	292
SMU109_01257	52	222	194	339	277	239
SMU109_01262	134	158	190	175	185	193
SMU109_01267	2	19	0	2	3	4
SMU109_01272	0	0	0	0	0	0
SMU109_01277	0	0	0	0	0	0
SMU109_01282	0	0	0	0	0	0
SMU109_01287	0	0	0	0	0	0
SMU109_01292	0	0	0	0	0	0
SMU109_01297	0	0	0	0	0	0
SMU109_01302	0	0	0	0	0	0
SMU109_01307	0	0	0	0	0	0
SMU109_01312	0	0	0	0	0	0
SMU109_01317	0	0	0	0	0	0
SMU109_01322	222	250	331	360	282	401
SMU109_01327	241	361	294	351	247	508
SMU109_01332	1286	1343	929	1019	946	1656
SMU109_01337	295	401	300	387	349	541
SMU109_01342	604	1177	1053	1289	1172	1476
SMU109_01347	3631	3496	3051	3423	3321	4201
SMU109_01352	107859	129914	96495	116425	96759	129339
SMU109_01357	826	507	479	480	511	656
SMU109_09264	104	497	60	55	48	191
SMU109_09269	62	270	43	44	40	104
SMU109_09274	480	683	596	812	567	660
SMU109_09279	1715	1835	1892	2083	1554	1592
SMU109_09284	5358	5548	4351	5058	4281	6212
SMU109_09289	1016	1387	1033	1266	1100	1551
SMU109_09294	3888	3966	3147	3687	3319	4177
SMU109_09299	4751	4146	3689	3940	3967	4836
SMU109_09304	1664	2465	2775	2811	2826	3464
SMU109_09309	5393	6371	5501	6259	5732	7013
SMU109_09314	6819	7063	6095	6585	5732	8432
SMU109_09319	5938	7930	7054	8050	7451	10004
SMU109_09324	2668	5833	4513	6156	5485	6811
SMU109_09329	40183	65667	54098	69678	56800	69815
SMU109_09334	6706	7682	5986	67	6344	7352
SMU109_09339	24	566	588	717	2145	496
SMU109_09344	2925	2810	2549	2859	2037	2498
SMU109_09349	1787	2196	1026	1191	1243	2136
SMU109_09354	706	807	593	592	639	600
SMU109_09359	4634	4427	3862	3984	4241	4447
SMU109_09364	4329	6218	4526	5579	5059	6365
SMU109_09369	21323	19882	15663	18094	16680	23806
SMU109_09374	15495	21011	20777	22634	16769	20825
SMU109_09379	2193	1658	1163	1276	993	1413
SMU109_09384	78	198	241	364	217	375
SMU109_09389	1510	1645	2038	2024	1422	2516
SMU109_09394	79	388	205	453	412	411
SMU109_09399	233	777	620	914	929	1074
SMU109_09404	2137	1842	1950	2065	1749	1956
SMU109_09409	4393	3715	3489	3392	3001	3371
SMU109_09414	530	988	360	402	606	1355
SMU109_09424	153	131	224	13	170	159
SMU109_09429	365046	255473	229827	2	174265	289715
SMU109_09434	4139	30487	34084	329	36082	35610
SMU109_09453	572	1396	680	1448	1191	1526
SMU109_09458	422	401	477	466	416	440
SMU109_09463	72	80	62	78	78	116
SMU109_09468	236	220	168	168	144	221
SMU109_09473	58	81	73	84	90	138
SMU109_09478	126	137	94	74	108	121
SMU109_01364	36	77	70	96	78	76
SMU109_01369	221	262	259	266	254	237
SMU109_01374	387	543	537	668	586	496
SMU109_01379	864	732	785	894	851	682
SMU109_01384	363	239	209	212	206	205
SMU109_01389	1320	1421	1098	1393	1237	1722
SMU109_01394	725	614	545	591	554	776
SMU109_01399	1653	2073	2056	2396	2254	2555
SMU109_01404	933	1076	835	1187	1094	1405
SMU109_01409	17338	18408	17628	19286	15937	15628
SMU109_01414	623	1367	1394	1713	1272	997
SMU109_01419	2605	2988	3066	2997	2147	2021
SMU109_01424	2228	2789	1881	2436	2313	3195
SMU109_01429	5382	5204	3661	4362	3740	5936
SMU109_01434	11140	9260	7421	7743	7124	11085
SMU109_01439	7469	7738	6310	7251	6853	9906
SMU109_01444	21715	27973	23951	26879	22113	32819
SMU109_01449	0	0	0	0	0	0
SMU109_01454	0	0	0	0	0	0
SMU109_01459	0	0	0	0	0	0
SMU109_01464	0	0	0	0	0	0
SMU109_01469	0	0	0	0	0	0
SMU109_01474	0	0	0	0	0	0
SMU109_01479	0	0	0	0	0	0
SMU109_01484	178955	201922	186529	216198	173264	193994
SMU109_01489	7986	12348	9374	12503	10213	14070
SMU109_01494	13762	21485	15218	19592	14905	27808
SMU109_01499	850	766	855	816	659	582
SMU109_01504	823	1404	2275	2007	1382	980
SMU109_01509	5674	6379	8063	8692	6211	6398
SMU109_01514	455	497	406	493	496	389
SMU109_01519	25	93	85	124	120	98
SMU109_01524	760	815	922	994	888	1085
SMU109_01529	2575	2374	2535	2839	2381	2649
SMU109_01534	2048	2039	2016	2294	1957	2186
SMU109_01539	901	1265	1039	1296	1115	1084
SMU109_01544	1347	1985	1799	2001	1621	1768
SMU109_01549	7043	11357	9116	11171	10557	8089
SMU109_01554	10402	8214	7907	7994	7815	6439
SMU109_01559	14397	11890	12269	13544	12896	10967
SMU109_01564	6510	6975	5788	6788	6221	7123
SMU109_01569	5686	5993	5140	5421	5153	6423
SMU109_01574	2916	2364	2549	2629	2593	3292
SMU109_01579	2148	3546	3048	3830	3162	3833
SMU109_01584	3880	4371	4218	4560	3302	4010
SMU109_01589	3188	4311	3817	4264	3480	5443
SMU109_01594	15469	14616	12788	13874	11126	16323
SMU109_01599	802	756	735	827	682	1094
SMU109_01604	160	214	206	218	209	404
SMU109_01609	628	663	514	575	471	1000
SMU109_01614	680	669	626	667	564	1126
SMU109_01619	212	256	267	286	243	425
SMU109_01624	31826	33913	28352	33209	27903	33577
SMU109_01629	70712	92486	72008	95112	76304	86412
SMU109_01634	22123	26603	17544	24607	18789	23474
SMU109_01639	891	888	1247	1170	704	870
SMU109_09483	6575	5782	4583	0	4413	4439
SMU109_09488	13811	12685	10286	0	10578	9784
SMU109_09493	4023	2704	2899	0	2862	2582
SMU109_09498	1422	787	814	0	917	849
SMU109_09503	18186	18278	18016	0	14898	12891
SMU109_09508	34417	36980	38962	0	33718	28412
SMU109_09513	3101	4806	4521	0	4070	3454
SMU109_09518	0	0	0	0	0	0
SMU109_09523	0	0	0	0	0	0
SMU109_09528	9407	7900	7887	0	6327	5414
SMU109_09533	24506	22754	17576	0	16148	14491
SMU109_09538	39133	43378	41592	0	35279	31211
SMU109_09543	19357	29707	25511	0	23728	21611
SMU109_09548	9466	11444	9434	0	9551	7138
SMU109_09553	23529	19763	16409	0	14784	13267
SMU109_09558	15605	18319	18127	0	16773	14315
SMU109_09563	25491	19567	21252	0	18675	16488
SMU109_09568	29558	30316	26029	0	25345	23107
SMU109_09573	18199	18932	19636	0	16944	15599
SMU109_09578	22386	28516	29214	0	28039	23770
SMU109_09583	30777	30638	30987	0	27437	24366
SMU109_09588	18556	19677	24553	0	20306	18719
SMU109_09593	31352	31404	26652	0	23013	20922
SMU109_09598	10069	14035	12219	0	11727	9925
SMU109_09603	16454	17961	19580	0	17873	14978
SMU109_09608	28397	42934	41086	0	41426	35858
SMU109_09613	5736	5635	6233	0	5758	5549
SMU109_09618	38891	26315	32610	0	29255	27636
SMU109_09623	25690	22247	26470	0	23559	21391
SMU109_09628	43183	33441	35791	0	35182	31494
SMU109_09633	24542	23385	22257	0	21359	17340
SMU109_09638	57664	58234	66574	0	61800	53004
SMU109_09643	17562	20700	20003	0	19055	16158
SMU109_09648	3769	4384	6596	428	5638	3706
SMU109_09657	0	0	0	0	0	0
SMU109_09662	0	0	0	0	0	0
SMU109_09667	0	0	0	0	0	0
SMU109_09672	0	0	0	0	0	0
SMU109_09677	0	0	0	0	0	0
SMU109_09682	0	0	0	0	0	0
SMU109_09687	89491	108062	88244	0	86967	95001
SMU109_09692	34342	71419	73914	0	76183	83384
SMU109_09697	21323	33292	29958	0	34367	37677
SMU109_09702	44671	105362	102422	411	111820	119444
SMU109_09713	6890	7920	7369	8043	6703	8101
SMU109_09718	4859	5174	4597	5040	4463	5167
SMU109_09728	6992	7440	5758	6350	5931	5089
SMU109_09733	479	499	365	395	388	456
SMU109_09738	739	818	515	593	525	620
SMU109_09743	1270	1074	693	816	691	843
SMU109_09748	882	666	406	463	351	497
SMU109_09753	730	743	419	482	371	546
SMU109_09758	680	1093	1267	1593	1403	1061
SMU109_09763	5112	5605	5070	5955	4904	3904
SMU109_09768	4531	6103	5837	6752	5762	5138
SMU109_09773	4622	4672	6076	7558	5302	7212
SMU109_09778	1000	1549	1605	2178	1677	1909
SMU109_01644	0	0	0	0	0	0
SMU109_01649	2021	2642	3523	0	2532	2270
SMU109_01654	11171	12317	13827	0	11647	12420
SMU109_01659	4493	4908	5894	0	4748	5459
SMU109_01664	3254	3970	3724	0	3602	3793
SMU109_01669	1928	1963	1737	0	1670	1878
SMU109_01674	1631	1439	1443	0	1303	1135
SMU109_01679	1273	1375	1485	0	1291	1097
SMU109_01684	303	444	362	0	356	326
SMU109_01689	175	403	342	0	302	318
SMU109_01694	13104	10405	4557	0	5733	12251
SMU109_01704	3562	3069	1897	0	1979	2856
SMU109_01709	871	957	683	0	680	995
SMU109_01714	718	765	609	0	458	698
SMU109_01719	362	479	445	0	406	508
SMU109_01724	1484	1661	1169	0	1073	1420
SMU109_01729	861	1224	880	0	860	1060
SMU109_01734	248	508	315	0	267	336
SMU109_01739	11027	14388	13954	0	10021	7915
SMU109_01744	1713	1749	2063	0	1463	1148
SMU109_01749	7929	8329	7917	0	6758	10389
SMU109_01754	1778	1873	2062	0	1856	2486
SMU109_01759	13924	12891	13093	0	11292	10964
SMU109_01764	365	437	317	0	314	426
SMU109_01769	383	425	365	0	357	325
SMU109_01774	279	289	288	0	335	296
SMU109_01779	18263	21350	19043	0	18817	23594
SMU109_01784	1159	1121	1046	0	978	913
SMU109_01789	1974	3136	2659	0	2490	2830
SMU109_01794	31161	30219	28845	0	24169	23383
SMU109_01799	20176	25235	20712	0	18845	18816
SMU109_01804	1943	1650	1602	0	1236	1180
SMU109_01809	10155	10813	10420	0	9033	9202
SMU109_01814	14146	15802	9851	0	7564	19655
SMU109_01819	969	1620	1351	4	1443	2659
SMU109_09783	0	0	1	0	1	0
SMU109_09788	0	0	0	0	0	0
SMU109_09793	0	0	0	0	0	0
SMU109_09798	5175	5530	3453	3907	3360	4619
SMU109_09803	4148	5044	3429	3950	3925	4803
SMU109_09808	1524	1589	1179	1266	1151	1562
SMU109_09813	4652	4459	3125	3285	3061	3927
SMU109_09818	0	0	0	0	0	0
SMU109_09836	375	346	393	0	302	312
SMU109_09841	1275	1280	974	1208	1032	1335
SMU109_09846	409	484	447	510	461	709
SMU109_09851	181	192	173	208	177	305
SMU109_09856	0	0	0	0	0	0
SMU109_09861	90	673	159	0	160	194
SMU109_09866	2297	2993	2712	0	2870	3580
SMU109_09871	4859	12305	13700	0	16454	14990
SMU109_09876	1268	14729	8356	0	13823	12297
SMU109_09881	4002	6489	12831	13645	10363	8945
