gene	50	51	52	53	54	55
SMU21_00005	277	97	652	861	450	763
SMU21_00010	452	71	1029	1066	610	1181
SMU21_00015	296	130	739	606	320	623
SMU21_00020	138	42	319	234	148	261
SMU21_00025	95	28	243	206	119	202
SMU21_00030	2	3	10	14	10	12
SMU21_01749	149	89	335	476	229	348
SMU21_01754	447	83	815	1679	1076	1014
SMU21_01759	142	32	270	632	341	303
SMU21_01764	457	258	1149	2741	1335	2377
SMU21_01769	424	170	1016	2570	1228	2191
SMU21_01774	447	240	1098	2706	1411	2341
SMU21_01779	480	492	1152	3349	1745	2806
SMU21_01784	550	485	1111	1890	1036	1601
SMU21_01789	662	774	1503	2140	1297	1729
SMU21_01794	1766	2459	4000	4728	2810	4320
SMU21_01799	904	717	2018	2664	1471	2536
SMU21_01804	755	342	1719	1863	1067	1838
SMU21_01809	838	269	1877	1866	1010	1955
SMU21_01814	419	324	829	1148	711	1115
SMU21_01819	201	48	517	1201	686	1105
SMU21_01824	1942	2380	4136	8377	4703	7231
SMU21_01829	1550	1057	3439	5732	3107	4766
SMU21_01834	129	38	278	373	176	293
SMU21_01839	69	30	178	218	117	133
SMU21_09992	432	436	809	1111	746	1167
SMU21_01844	97	166	180	1177	766	1138
SMU21_01849	74	59	144	210	119	191
SMU21_01854	510	875	976	2583	1352	1942
SMU21_01859	0	0	0	0	0	0
SMU21_01864	142	108	234	574	283	480
SMU21_01869	177	178	380	829	411	644
SMU21_01874	377	387	681	1761	855	1245
SMU21_01879	180	115	289	637	322	474
SMU21_01884	972	1329	1771	4784	2351	3420
SMU21_01889	168	150	272	826	418	599
SMU21_01894	16	30	38	52	31	46
SMU21_01899	672	618	1395	2120	1269	1970
SMU21_01904	2003	2007	4380	6978	3963	6236
SMU21_01909	335	218	790	1407	706	978
SMU21_01914	1033	1004	2192	4164	2394	3480
SMU21_01919	1548	3191	3353	4221	2419	3185
SMU21_01924	27203	25034	61286	73637	47967	70945
SMU21_01929	39	34	76	62	49	65
SMU21_01934	747	536	1630	1036	566	775
SMU21_01941	2081	3567	4332	5035	2903	4179
SMU21_01946	177	137	440	503	240	388
SMU21_01951	357	280	740	1134	653	1072
SMU21_01956	500	580	1063	2000	1079	1808
SMU21_01961	2185	4262	4565	9749	5997	8395
SMU21_01966	132	309	270	500	315	413
SMU21_01971	1016	382	2122	4049	2271	3799
SMU21_01976	562	187	1195	1811	1047	1571
SMU21_01981	756	238	1432	2280	1253	1999
SMU21_01986	1665	659	3391	5034	2901	5108
SMU21_01991	3474	1474	8410	9215	5129	9248
SMU21_01996	1107	924	2324	5313	2616	3372
SMU21_02001	571	461	1325	1122	581	876
SMU21_02006	250	74	550	396	247	459
SMU21_02011	83	29	226	162	96	154
SMU21_02016	2166	2378	4642	7287	4251	6061
SMU21_02021	1883	2171	4006	6237	3668	5184
SMU21_02026	1128	1317	2576	3551	1913	2664
SMU21_02031	32	17	55	56	34	39
SMU21_02036	2032	3084	4354	3375	2228	2826
SMU21_02041	3798	6507	8619	12859	8231	12521
SMU21_02046	133	130	302	358	229	375
SMU21_02051	433	412	819	1030	633	1081
SMU21_02056	360	379	916	882	592	989
SMU21_02061	246	352	575	666	449	626
SMU21_02066	106	202	195	321	199	299
SMU21_02071	1392	1857	3084	4172	2646	3903
SMU21_02076	3507	3877	8284	12111	7376	10956
SMU21_02081	1457	1623	3178	5362	3170	4872
SMU21_02086	1151	1637	2824	3545	2261	2976
SMU21_02091	493	653	1175	1568	1004	1412
SMU21_02096	362	78	703	773	424	689
SMU21_02101	478	222	1024	1015	656	914
SMU21_02106	219	636	551	563	340	458
SMU21_02111	72	94	131	331	187	279
SMU21_02116	210	163	465	323	211	254
SMU21_02121	1508	1290	3133	4518	2729	3684
SMU21_02126	1405	577	2856	4307	2242	3873
SMU21_02131	2614	3237	6257	11256	6235	9212
SMU21_02136	394	143	913	1009	489	814
SMU21_02141	146	30	406	459	196	380
SMU21_02146	246	32	630	991	550	977
SMU21_02151	162	35	506	553	333	564
SMU21_02156	1221	447	2824	2940	1733	3072
SMU21_02161	643	445	1522	1888	1104	1784
SMU21_02166	1630	932	3598	4525	2560	4233
SMU21_02171	938	683	2133	2036	1146	1891
SMU21_02176	433	273	1120	820	481	728
SMU21_02181	1898	421	4611	2535	1935	3209
SMU21_02186	966	409	2702	1347	911	1389
SMU21_02191	3440	4548	8163	16433	9179	13633
SMU21_02196	1584	1993	3999	8429	4417	6678
SMU21_02201	1244	1401	4616	5627	3173	4987
SMU21_02206	4491	1174	11272	9930	5892	10184
SMU21_02211	776	130	2099	1539	942	1660
SMU21_02216	2823	1045	7154	6660	3965	6498
SMU21_02221	426	115	1064	878	479	871
SMU21_02226	202	72	469	387	231	365
SMU21_02231	6633	17162	17113	15136	9050	12511
SMU21_02236	33	17	71	101	54	104
SMU21_02241	304	422	745	1432	929	1400
SMU21_02246	28	36	55	80	33	55
SMU21_02251	94	155	253	318	173	232
SMU21_02256	361	484	842	1071	611	882
SMU21_02261	4640	10972	9755	16876	9572	12572
SMU21_02266	2006	4487	4172	5368	3122	4071
SMU21_02271	320	240	716	772	443	612
SMU21_02276	101	75	223	244	175	218
SMU21_02281	99	73	295	580	358	451
SMU21_02286	1194	2279	2167	4537	2641	3807
SMU21_02291	854	1950	1758	2210	1456	2036
SMU21_02296	1096	2028	2155	2658	1679	2384
SMU21_02301	678	1228	1438	1959	1256	1611
SMU21_02306	1168	1708	2232	2935	1784	2589
SMU21_02311	17	12	33	86	43	66
SMU21_02316	90	30	209	150	80	173
SMU21_02321	123	35	251	236	116	233
SMU21_02326	3410	4600	7311	14226	8189	12388
SMU21_02331	46	32	108	183	117	157
SMU21_02336	173	249	419	284	188	258
SMU21_02341	291	118	629	733	377	532
SMU21_02346	84	36	178	167	103	167
SMU21_02351	562	561	1420	1204	671	909
SMU21_02356	1564	1537	3804	3930	2119	3165
SMU21_02361	2522	2342	4966	5731	3187	5199
SMU21_02366	1944	3174	4610	14364	8324	13260
SMU21_02371	1664	3029	4056	8103	4533	6479
SMU21_02376	3154	5819	6847	11430	7250	10364
SMU21_02381	1338	2354	3132	4913	2887	4090
SMU21_02386	1216	2199	2544	3751	2243	3321
SMU21_02391	0	0	0	0	0	0
SMU21_02396	445	738	1003	7718	4237	6518
SMU21_02401	513	704	1168	7988	4121	6468
SMU21_02406	433	536	848	6690	3464	5613
SMU21_02411	365	399	686	4677	2665	3943
SMU21_02416	295	333	609	3024	1787	2690
SMU21_02421	93	253	216	430	294	401
SMU21_02426	3454	9468	6854	12225	6903	10015
SMU21_02431	989	2353	2016	8053	4472	6358
SMU21_02436	669	1441	1791	3157	1837	2472
SMU21_02441	3014	4701	6295	6513	4247	6141
SMU21_02446	2947	4777	6213	7100	4628	6575
SMU21_02451	2003	3533	4627	5172	3145	4252
SMU21_02456	1586	2825	4037	4109	2413	3212
SMU21_02461	5252	6449	12161	14841	8500	12330
SMU21_02466	1013	1488	2016	2157	1216	1810
SMU21_02471	524	537	1153	1120	668	960
SMU21_02476	4779	10642	13762	32389	17462	26141
SMU21_02481	1361	2737	4088	9868	5396	7581
SMU21_02486	5587	11811	15443	40077	22531	33190
SMU21_02491	5835	11929	15588	39343	22258	33089
SMU21_02496	2903	5558	7753	18800	10755	15380
SMU21_02501	2649	6128	5491	7556	4971	7165
SMU21_02506	2265	3253	5000	6531	4307	6229
SMU21_02511	825	1063	1860	1949	1227	1710
SMU21_02516	1530	2482	3252	3612	2218	3326
SMU21_02521	1966	2912	4672	5532	3268	4515
SMU21_02526	948	1345	2058	2191	1379	1933
SMU21_02531	10	19	39	70	35	36
SMU21_02536	53	55	133	336	180	255
SMU21_02541	123	100	313	659	385	495
SMU21_02546	217	138	556	782	483	615
SMU21_02551	3058	6532	6760	11073	6855	8710
SMU21_02556	2800	4749	5882	8174	4714	6934
SMU21_02561	8647	16975	19204	29828	17161	25451
SMU21_02566	2727	4689	6286	8848	5146	7502
SMU21_02571	7468	12718	17144	27188	16083	23367
SMU21_02576	4980	6697	10120	16955	9607	15348
SMU21_02581	974	899	1965	3647	2015	3239
SMU21_02586	1293	2011	2639	2406	1526	1903
SMU21_02591	622	1566	1547	1468	968	1263
SMU21_02596	1041	2623	2025	6030	3751	5237
SMU21_02601	3670	8464	7067	19417	11236	15807
SMU21_02606	257	417	520	633	379	514
SMU21_02611	213	324	409	438	269	394
SMU21_02616	179	232	356	414	251	366
SMU21_02621	74	176	151	204	125	165
SMU21_02626	156	341	308	439	277	404
SMU21_02631	5252	13595	12131	12615	7540	10807
SMU21_02636	203	482	426	755	431	601
SMU21_02641	373	375	947	1333	693	1078
SMU21_02646	1782	608	4130	3865	2381	4804
SMU21_02651	5096	3949	12185	14639	8715	13755
SMU21_02656	139	183	241	635	342	534
SMU21_02661	151	313	277	466	275	375
SMU21_02666	1356	3736	2822	3432	2182	2941
SMU21_02671	194	457	429	474	274	370
SMU21_02676	772	2025	1558	1859	1095	1508
SMU21_02681	2806	7153	7124	3402	2208	2890
SMU21_02686	7045	11795	18373	8656	5631	7212
SMU21_02691	470	2252	1040	389	239	340
SMU21_02696	931	1444	2157	6130	3427	5406
SMU21_02701	142	110	316	904	459	865
SMU21_02706	17	4	49	90	47	58
SMU21_02711	349	155	831	1988	1040	1823
SMU21_02716	236	126	573	1175	601	989
SMU21_02721	994	431	2076	2511	1386	2276
SMU21_02726	1019	951	1931	3253	1887	2826
SMU21_02731	1467	584	3130	2766	1699	2375
SMU21_02736	4607	5900	10313	6808	4746	6160
SMU21_02741	1311	2298	3816	2854	1786	2109
SMU21_02746	3962	2600	8453	8612	5261	8701
SMU21_02751	2684	1249	5846	7361	4164	6854
SMU21_02756	2755	1778	6241	7239	4160	6787
SMU21_02761	1407	829	3057	3154	1857	3002
SMU21_02766	1691	1393	4405	4523	2624	3840
SMU21_02771	2316	2967	4922	5199	3023	4470
SMU21_02776	1534	1839	3416	3496	2036	2983
SMU21_02781	1001	1015	2200	1836	1111	1579
SMU21_02786	2362	1762	5177	4351	2973	4320
SMU21_02791	2243	1139	5350	4473	2735	4009
SMU21_02796	2929	1522	7404	6378	3888	5969
SMU21_02801	0	0	0	0	0	0
SMU21_02806	0	0	0	0	0	0
SMU21_02811	0	0	0	0	0	0
SMU21_02816	1979	919	4714	3502	2182	3305
SMU21_02821	224	111	527	297	191	278
SMU21_02826	444	725	872	3473	2043	2711
SMU21_02831	1562	4270	4608	10265	6013	8577
SMU21_02836	228	301	505	841	426	700
SMU21_02841	495	127	1040	3595	1630	3352
SMU21_02846	1657	3364	3332	6289	3788	5505
SMU21_02851	1596	3024	3411	5959	3548	5219
SMU21_02856	751	798	1538	3035	1825	2723
SMU21_02861	376	253	698	1448	785	1269
SMU21_02866	193	146	463	841	427	732
SMU21_02871	8921	11522	19287	13450	8374	11862
SMU21_02876	6630	8584	14204	9661	6182	8709
SMU21_02881	6007	8586	13974	9497	5828	7642
SMU21_02886	470	644	1062	1274	780	1083
SMU21_02891	351	429	817	983	603	837
SMU21_02896	0	0	0	0	0	0
SMU21_02901	0	0	0	0	0	0
SMU21_02906	0	0	0	0	0	0
SMU21_02911	0	0	0	0	0	0
SMU21_02916	13610	36172	30358	20525	12768	17285
SMU21_02921	247	122	459	1383	918	1238
SMU21_02926	50	102	116	129	66	105
SMU21_02931	53	112	111	124	81	106
SMU21_02936	51	61	117	224	129	212
SMU21_02941	25	16	59	58	44	55
SMU21_02946	2348	7067	4026	8777	5172	6966
SMU21_02951	28	22	39	74	45	51
SMU21_02956	893	1107	1823	2217	1432	2186
SMU21_02961	2779	2252	6372	7538	4358	6785
SMU21_02966	6030	4346	13456	13884	8419	13287
SMU21_02971	0	0	0	0	0	0
SMU21_02976	0	0	0	0	0	0
SMU21_02981	3	1	2	0	1	1
SMU21_02986	378	1010	1000	1396	787	1103
SMU21_02991	473	1333	1093	1632	894	1302
SMU21_02996	441	1211	1019	1459	832	1236
SMU21_03001	775	2214	1748	2480	1404	2049
SMU21_03006	523	1677	1224	1869	1055	1454
SMU21_03011	420	1173	988	1343	792	942
SMU21_03016	248	803	652	779	488	619
SMU21_03021	307	973	794	1194	671	879
SMU21_03026	355	973	891	1341	722	1040
SMU21_03031	458	932	1125	1607	902	1291
SMU21_03036	274	431	652	893	501	732
SMU21_03041	79	92	207	219	108	196
SMU21_03046	146	158	294	431	197	347
SMU21_03051	134	148	263	385	201	299
SMU21_03056	6	5	8	33	19	26
SMU21_03061	0	0	0	0	0	0
SMU21_03066	0	0	0	0	0	0
SMU21_03071	0	0	0	0	0	0
SMU21_03076	0	0	0	0	0	0
SMU21_03081	0	0	0	0	0	0
SMU21_03086	0	0	0	0	0	0
SMU21_03091	0	0	0	0	0	0
SMU21_03096	0	0	0	0	0	0
SMU21_03101	0	0	0	0	0	0
SMU21_03106	218	74	466	786	442	760
SMU21_03111	51	40	156	200	95	154
SMU21_03116	190	417	468	961	607	926
SMU21_03121	154	267	322	863	490	681
SMU21_03126	349	785	796	2135	1223	1755
SMU21_03131	85	66	202	281	157	262
SMU21_03136	117	15	353	164	124	256
SMU21_03141	486	95	1293	975	679	1270
SMU21_03146	29170	65572	60403	118081	66281	90117
SMU21_03151	285	330	550	770	492	709
SMU21_03156	761	1258	1575	2357	1571	2145
SMU21_03161	248	231	655	1598	959	1396
SMU21_03166	39	33	96	152	93	142
SMU21_03171	893	1400	2002	3023	1747	2605
SMU21_03176	837	2042	1730	3551	2030	2858
SMU21_03181	2776	7192	5661	13080	7358	10905
SMU21_03186	1043	2789	1975	4856	2632	3811
SMU21_03191	52	32	107	429	169	311
SMU21_03196	132	69	306	366	194	391
SMU21_03201	237	222	530	695	420	586
SMU21_03206	525	1039	1206	3124	1924	2406
SMU21_03211	506	1248	1150	2163	1354	1734
SMU21_03216	1573	4100	3459	6664	4008	5542
SMU21_03231	0	0	0	1	0	0
SMU21_03236	1168	2625	2621	4828	2781	4018
SMU21_03241	1075	2210	2409	3900	2481	3463
SMU21_03246	938	1962	2066	3502	2072	3064
SMU21_03251	687	1445	1545	2392	1470	1939
SMU21_03256	1030	2296	1773	2691	1604	2296
SMU21_03261	497	945	851	403	294	384
SMU21_03266	350	617	629	339	215	288
SMU21_03271	645	1153	1090	1179	767	1088
SMU21_03276	861	1590	1447	1925	1185	1580
SMU21_03281	92	184	187	228	139	198
SMU21_03288	1092	1037	2504	3244	1914	3101
SMU21_03293	1482	1513	3266	4329	2668	3919
SMU21_03298	1169	1224	2597	3486	2191	3198
SMU21_03303	1057	1008	2358	3237	2113	3087
SMU21_03308	477	506	1002	1314	802	1227
SMU21_03313	1847	2295	3935	5414	3227	4952
SMU21_03318	3134	6280	6573	7012	4297	6048
SMU21_03323	2477	3066	5362	5441	3118	4720
SMU21_03328	1988	2494	4013	5705	3528	5204
SMU21_03333	1075	2560	2272	2578	1545	2161
SMU21_03348	55	16	152	66	28	71
SMU21_03353	14	5	50	36	17	19
SMU21_03358	5289	10982	13121	11491	6947	9900
SMU21_03363	353	583	793	699	406	535
SMU21_03368	572	1039	1276	1460	781	979
SMU21_03373	760	1223	1557	1774	1015	1372
SMU21_03378	541	1063	1196	1445	843	1082
SMU21_03383	597	1000	1111	1408	782	1098
SMU21_03388	375	359	779	806	479	690
SMU21_03393	2241	3495	4669	5300	3396	4607
SMU21_03398	2489	5230	5542	6300	4293	5732
SMU21_03403	723	1773	2390	9012	4261	6329
SMU21_03408	312	561	839	2601	1503	1972
SMU21_03413	624	748	1419	3267	1755	2523
SMU21_03418	749	893	1696	3226	1886	2760
SMU21_03423	924	1220	1975	3840	2232	3065
SMU21_03428	1115	2872	2539	6480	4274	5987
SMU21_03433	121	133	323	307	170	262
SMU21_03438	36	105	70	85	46	60
SMU21_03443	34	93	70	85	30	44
SMU21_03448	37	118	75	72	31	61
SMU21_03453	28	103	54	45	25	40
SMU21_03458	21	92	56	49	24	42
SMU21_03463	893	674	1863	2668	1422	2567
SMU21_03468	770	795	1667	2432	1356	2164
SMU21_03473	655	863	1455	1720	1045	1536
SMU21_03478	605	792	909	5169	3147	3736
SMU21_03483	563	656	806	4143	2531	2945
SMU21_03488	1424	3934	2806	7722	4248	6131
SMU21_03493	1331	2832	2323	6426	3534	5247
SMU21_03498	590	487	1373	2919	1434	2282
SMU21_03503	754	614	1453	3903	2108	3375
SMU21_03508	1498	1726	2635	4823	2579	4105
SMU21_03513	277	301	717	820	476	536
SMU21_03518	4764	8592	9172	15481	9251	13178
SMU21_03523	1653	4212	3731	5916	3489	4718
SMU21_03528	959	2495	2049	2485	1585	2158
SMU21_03533	688	1600	1378	1714	1051	1526
SMU21_03538	158	177	349	461	267	389
SMU21_03543	190	627	438	547	331	470
SMU21_03548	108	361	257	320	198	320
SMU21_03553	642	1228	1808	2810	1518	2050
SMU21_03558	19551	46495	42092	27129	18992	26044
SMU21_03563	14807	35693	32411	20055	13915	18687
SMU21_03568	659	1603	1498	471	303	380
SMU21_03573	1036	2478	2373	834	527	718
SMU21_03578	1157	999	2246	2883	1466	2411
SMU21_03583	1343	2020	3143	4199	2483	3551
SMU21_03588	1512	2368	3583	4489	2722	4050
SMU21_03593	1611	1834	3829	4111	2606	3675
SMU21_03598	1183	1672	2544	2902	1733	2668
SMU21_03603	1503	2568	3382	3859	2240	3360
SMU21_03608	995	1668	1985	2274	1382	2116
SMU21_03613	683	1195	1592	1539	1008	1406
SMU21_03618	1176	1607	2575	3984	2195	3412
SMU21_03623	1569	2573	3453	5137	2909	4259
SMU21_03628	828	1502	1704	2276	1531	2099
SMU21_03633	604	1004	1231	1552	1010	1360
SMU21_03638	796	1226	1746	2202	1321	1938
SMU21_03643	513	513	1107	1209	737	1105
SMU21_03648	941	6680	2224	567	569	521
SMU21_03653	53	50	115	117	90	108
SMU21_00035	1	5	3	5	5	10
SMU21_00040	0	0	0	0	0	0
SMU21_00045	0	0	0	0	0	0
SMU21_00050	0	0	0	0	0	0
SMU21_00055	613	761	1029	3066	1557	2188
SMU21_00060	489	622	872	2638	1354	1771
SMU21_00065	127	167	303	712	365	581
SMU21_00070	412	302	754	1731	831	1393
SMU21_00075	258	83	475	902	433	853
SMU21_00080	143	53	224	499	222	467
SMU21_00085	147	57	325	565	242	448
SMU21_00090	0	0	0	0	0	0
SMU21_00095	0	0	0	0	0	0
SMU21_00100	0	0	0	0	0	0
SMU21_00105	0	0	0	0	0	0
SMU21_00110	737	1106	1576	3230	1764	2666
SMU21_00115	336	366	718	1017	622	928
SMU21_00120	957	538	2266	2688	1520	2479
SMU21_00125	6607	2090	16902	8670	5991	9625
SMU21_00130	1174	1624	2374	2553	1434	2167
SMU21_00135	561	525	1120	1174	685	978
SMU21_00140	1744	1970	3634	4976	2826	5173
SMU21_00145	4483	7108	9591	13501	7887	12050
SMU21_00150	2588	5206	5594	8203	4722	7099
SMU21_00155	561	980	1266	758	508	711
SMU21_00160	393	343	852	1119	637	878
SMU21_00165	2702	3224	4954	7845	4297	6245
SMU21_00170	1927	1932	4025	7427	4302	6718
SMU21_00175	1439	1195	3248	5524	3053	4909
SMU21_00180	715	591	1635	2760	1511	2277
SMU21_00185	2024	1153	5754	5280	3088	5003
SMU21_00190	191	94	509	552	319	508
SMU21_00195	3422	4216	7993	4135	2213	2556
SMU21_00200	2156	2688	4555	2421	1139	1550
SMU21_00205	13441	23367	27495	13575	7004	8682
SMU21_00210	952	1866	1835	932	500	661
SMU21_03658	0	0	0	0	0	0
SMU21_03663	0	0	0	0	0	0
SMU21_03668	0	0	0	0	0	0
SMU21_03673	0	0	0	0	0	0
SMU21_03678	0	0	0	0	0	0
SMU21_03683	0	0	0	0	0	0
SMU21_03688	0	0	0	0	0	0
SMU21_03693	0	0	0	0	0	0
SMU21_03698	0	0	0	0	0	0
SMU21_03703	0	0	0	0	0	0
SMU21_03708	0	0	0	0	0	0
SMU21_03713	343	285	612	806	462	771
SMU21_03718	266	55	542	363	209	329
SMU21_03723	1152	407	2731	3634	2066	3686
SMU21_03728	111	18	276	236	132	262
SMU21_03733	759	115	1704	1882	984	1468
SMU21_03738	616	434	1500	1528	806	1059
SMU21_03743	94	51	170	395	188	282
SMU21_03748	2285	1627	4658	4246	2485	3890
SMU21_03753	181	33	427	448	260	469
SMU21_03758	690	164	2001	1402	870	1531
SMU21_03763	199	26	546	228	145	327
SMU21_03768	150	23	495	179	112	262
SMU21_03773	28	5	113	51	21	55
SMU21_03778	578	153	1743	985	586	1032
SMU21_03783	440	174	1002	1004	540	1053
SMU21_03788	1492	818	3151	3397	1922	3117
SMU21_03793	8047	8891	18324	22254	13273	19246
SMU21_03798	1360	1176	3019	2325	1349	2096
SMU21_03805	0	0	0	0	0	0
SMU21_03810	0	0	0	0	0	0
SMU21_03815	0	0	0	0	0	0
SMU21_03820	2262	1298	4623	7157	3794	6215
SMU21_03825	2506	1487	4998	8905	4878	8170
SMU21_03830	1140	748	2408	4233	2367	3722
SMU21_03835	642	1170	1255	3073	1690	2265
SMU21_03840	1515	1672	3123	2778	1686	2689
SMU21_03845	395	273	951	651	370	516
SMU21_03850	5633	14825	12722	9915	6582	8935
SMU21_03855	181	135	376	852	507	742
SMU21_03860	407	390	829	1960	1096	1608
SMU21_03865	107	81	232	620	342	461
SMU21_03870	227	274	484	1344	698	1062
SMU21_03875	112	55	257	143	105	170
SMU21_03880	373	157	962	536	313	523
SMU21_03885	288	266	698	450	244	438
SMU21_03890	69	69	157	88	62	75
SMU21_03895	44	36	116	61	27	45
SMU21_03900	0	0	0	0	0	0
SMU21_03905	0	0	0	0	0	0
SMU21_03910	106	220	244	283	168	231
SMU21_03915	72	152	149	177	114	158
SMU21_03920	46	84	144	146	78	123
SMU21_03925	367	708	791	948	646	940
SMU21_03930	827	1311	1847	2346	1315	2042
SMU21_03935	1389	1808	2907	4084	2314	3705
SMU21_03940	1080	1287	2456	2869	1640	2391
SMU21_03945	883	1039	1757	2096	1344	1885
SMU21_03950	2990	4660	5665	7504	4420	6516
SMU21_03955	971	1828	2055	2856	1573	2331
SMU21_03960	123	102	298	764	423	538
SMU21_03965	292	265	659	1516	854	1257
SMU21_03970	227	382	370	767	435	650
SMU21_03975	11	12	31	71	33	71
SMU21_03980	0	0	0	0	0	0
SMU21_03995	0	0	0	3	0	4
SMU21_04000	3647	5776	7611	14542	8252	11975
SMU21_04005	2790	3809	6208	10372	5826	8493
SMU21_04010	805	821	1630	2607	1564	2223
SMU21_04015	1599	1883	3561	4620	2965	4062
SMU21_04020	1543	1715	3291	6306	3315	5140
SMU21_04025	1966	2194	4387	8573	4509	6840
SMU21_04030	1709	2778	3275	9764	5430	8099
SMU21_04035	120	136	226	134	70	110
SMU21_04040	2255	6040	4246	7540	4817	6210
SMU21_04045	1123	2084	2281	3939	2286	3404
SMU21_04050	1046	1554	2062	2605	1430	2120
SMU21_04055	188	248	365	406	248	344
SMU21_04060	521	844	1211	2189	1270	1766
SMU21_04065	1914	2793	4309	6311	3764	5446
SMU21_04070	1040	1377	2342	3413	2083	3273
SMU21_04075	4125	5186	9732	13744	7777	11479
SMU21_04080	10949	13489	24066	34638	20545	30896
SMU21_04085	1550	3063	3120	4989	2915	4170
SMU21_04090	1294	2297	2671	3952	2253	3153
SMU21_04095	1575	3547	3949	2243	1392	1832
SMU21_04100	1020	1197	2044	2043	1140	1647
SMU21_04105	642	823	1500	1349	722	1041
SMU21_04110	2410	2821	5017	5633	3044	4819
SMU21_04115	2809	2901	5760	7003	3624	5783
SMU21_04120	3206	2186	6640	7327	4017	6584
SMU21_04125	302	227	786	621	340	555
SMU21_04130	770	1268	1833	3485	1944	2882
SMU21_04135	1745	3032	4280	8183	4468	6975
SMU21_04140	3901	8308	9369	17335	9868	14278
SMU21_04145	171	461	435	529	344	492
SMU21_04150	1094	1575	2583	2868	1658	2394
SMU21_04155	480	562	957	1101	643	835
SMU21_04160	198	142	387	526	307	436
SMU21_04165	832	872	1690	1955	1083	1495
SMU21_04170	8059	21274	17396	14405	9166	11967
SMU21_04175	942	1315	1871	4752	2811	3850
SMU21_04180	1124	1930	2465	5806	3456	4554
SMU21_04185	357	714	842	1542	909	1250
SMU21_04190	34583	81064	78081	123522	71497	102004
SMU21_04195	643	685	1410	2021	1058	1465
SMU21_04200	222	173	499	823	411	625
SMU21_04205	109	80	253	415	183	259
SMU21_04210	354	646	769	1151	695	997
SMU21_04215	65	170	179	160	115	104
SMU21_04220	2911	6793	6320	4968	3153	4258
SMU21_04225	1881	4029	3686	4563	3162	4437
SMU21_04230	2932	6395	6313	6960	4391	5914
SMU21_04235	495	498	982	1768	1076	1625
SMU21_04240	656	977	1383	2320	1376	2012
SMU21_04245	719	1237	1634	2166	1296	1814
SMU21_04250	1195	2176	2487	3790	2327	3393
SMU21_04255	2004	3765	4019	6731	3974	6249
SMU21_04260	1578	3174	3316	4799	2739	4061
SMU21_04265	985	886	2053	1450	959	1333
SMU21_04270	3092	2036	6470	4312	2747	4314
SMU21_04275	1042	487	2088	1335	971	1616
SMU21_04280	805	298	1726	948	713	1230
SMU21_04285	5874	3655	13832	8567	5298	9235
SMU21_04290	810	404	1832	832	545	949
SMU21_04295	59	85	81	118	74	64
SMU21_04300	329	1004	723	2850	2031	2777
SMU21_04305	1353	3480	3167	12856	7760	12074
SMU21_04310	204	455	504	1912	1197	1875
SMU21_04315	924	975	2094	4127	2466	3508
SMU21_04320	49	59	141	187	99	174
SMU21_04325	1477	94	1987	2729	1845	1784
SMU21_04330	1585	550	2523	3925	2781	2750
SMU21_04335	1580	1442	2738	4361	2819	3582
SMU21_04340	828	746	1652	2301	1451	1645
SMU21_04345	533	861	926	3586	1909	2719
SMU21_04350	795	727	1203	7751	4802	7689
SMU21_04355	93	91	223	185	128	146
SMU21_04360	400	685	718	1060	633	867
SMU21_04365	453	954	899	1188	707	921
SMU21_04370	353	737	634	827	458	655
SMU21_04375	1344	2227	2940	3075	1885	2830
SMU21_04380	2959	2537	6901	6311	3806	5852
SMU21_04385	630	252	1339	1239	693	1157
SMU21_04390	1314	602	2818	2661	1738	2667
SMU21_04395	1134	1486	2612	2231	1304	1904
SMU21_04400	2499	3105	5245	5191	3051	4401
SMU21_04405	3020	3997	6124	9143	5330	8238
SMU21_04410	586	438	1203	1459	825	1177
SMU21_04415	3850	5855	8952	10689	6158	9281
SMU21_04420	2834	6126	6285	6769	4317	6091
SMU21_04425	1037	724	2383	3229	1778	3050
SMU21_04430	2183	2262	4978	5129	2898	4355
SMU21_04435	2480	4669	5993	5999	3491	4573
SMU21_04440	2208	5332	5049	5189	2881	4223
SMU21_04445	90	150	253	230	126	203
SMU21_04450	2349	4445	6404	12618	7182	10175
SMU21_04455	2435	5343	5233	8278	4690	6889
SMU21_04460	1482	3328	3361	5219	2857	4287
SMU21_04467	3866	7491	7792	3851	2303	2947
SMU21_04472	622	1955	1387	1714	1054	1629
SMU21_04477	628	1906	1362	1616	990	1339
SMU21_04482	339	1301	885	1040	612	805
SMU21_04487	419	1360	1011	1066	702	952
SMU21_04492	432	1349	894	1171	747	948
SMU21_04497	147	540	449	430	299	305
SMU21_04502	9865	5988	23557	20146	11624	17888
SMU21_04507	0	0	0	0	0	0
SMU21_04512	1743	824	3949	2884	1824	2991
SMU21_04517	5012	9792	10754	11955	7096	10349
SMU21_04522	1128	1411	2271	11704	7598	10833
SMU21_04527	15003	31676	32166	48324	28272	39465
SMU21_04532	101	143	202	623	446	561
SMU21_04537	479	1317	927	2342	1433	1895
SMU21_04542	511	1491	1036	2569	1596	2215
SMU21_04547	1240	2526	3185	1580	1248	1506
SMU21_04552	682	438	1535	898	533	897
SMU21_04557	3671	10397	7736	15095	9037	12535
SMU21_04562	466	971	1069	1435	841	1153
SMU21_04567	696	1671	1601	2034	1158	1597
SMU21_04572	1494	1908	4909	19193	9641	15953
SMU21_04577	1398	1941	4886	18627	9787	14692
SMU21_04582	246	387	750	3785	2171	3140
SMU21_04591	2533	3364	5236	4294	2802	3996
SMU21_04596	1136	1436	2431	1530	921	1408
SMU21_04601	1498	2730	3017	2390	1622	2320
SMU21_04606	488	1011	1165	834	542	679
SMU21_04611	1107	2943	1963	4445	2508	3761
SMU21_04616	491	705	970	1839	1000	1516
SMU21_04621	285	592	642	1189	639	979
SMU21_04626	611	1388	1186	2431	1391	1980
SMU21_04631	444	973	851	1467	982	1463
SMU21_04636	488	969	863	1836	1064	1617
SMU21_04641	629	1346	1341	2490	1676	2293
SMU21_04646	532	1178	1161	2326	1449	2010
SMU21_04651	125	266	257	497	304	423
SMU21_04656	691	1494	1399	2699	1670	2326
SMU21_04661	1458	3175	3069	4993	2945	3953
SMU21_04666	315	507	527	953	649	916
SMU21_04671	682	1514	1388	1877	1167	1512
SMU21_04676	2066	3292	4313	3803	2302	3507
SMU21_04681	637	931	1396	1179	722	1101
SMU21_04686	931	1554	2137	1690	1102	1679
SMU21_04691	82	9	220	59	55	100
SMU21_04696	932	3127	1595	7851	4383	5576
SMU21_04701	1070	3214	1937	8844	4915	6234
SMU21_04706	23	12	35	59	30	52
SMU21_04711	753	2323	1647	4456	2740	3546
SMU21_04716	488	923	1084	1372	750	1030
SMU21_04721	2865	3687	6725	10681	6375	9902
SMU21_04726	956	1012	2601	2794	1757	2779
SMU21_04731	3769	5440	7481	12243	6981	11044
SMU21_04736	3900	5321	8494	11849	6917	10453
SMU21_04741	0	0	0	0	0	0
SMU21_04746	3894	8614	7376	10529	6218	8313
SMU21_04751	685	1345	1451	2095	1247	1698
SMU21_04756	3716	8779	6960	11072	6674	9719
SMU21_04761	340	1169	698	1327	755	1094
SMU21_04766	645	2026	1229	3093	1691	2595
SMU21_04771	0	0	0	0	0	0
SMU21_04776	0	0	0	0	0	0
SMU21_04781	210	28	629	612	309	674
SMU21_04786	181	122	307	439	311	342
SMU21_04791	33	14	63	102	52	58
SMU21_04796	195	54	406	447	236	378
SMU21_04801	484	937	689	2650	1506	2048
SMU21_04816	177	227	403	393	250	392
SMU21_04821	101	157	220	386	218	335
SMU21_04826	102	48	326	182	153	252
SMU21_04831	123	41	427	118	86	154
SMU21_04836	102	48	363	172	124	170
SMU21_04841	9	10	23	27	17	14
SMU21_04846	2353	5141	4846	5982	3653	4957
SMU21_04851	522	1139	1077	1254	820	1009
SMU21_04856	146	78	432	121	76	127
SMU21_04861	226	317	585	357	247	327
SMU21_04866	0	0	0	0	0	0
SMU21_04871	6877	14300	17720	8650	5710	7485
SMU21_04876	10258	23431	23741	12460	9333	12188
SMU21_04881	5513	11993	15557	6983	4684	5849
SMU21_04886	993	1063	2264	1821	1247	1613
SMU21_04891	774	521	1840	2060	1150	1844
SMU21_04896	852	967	1670	2777	1479	2274
SMU21_04901	913	1024	1933	2860	1654	2209
SMU21_04906	1038	647	2068	1739	1076	1657
SMU21_04911	982	760	1933	1453	909	1376
SMU21_04916	1969	1978	4054	5833	3444	5201
SMU21_04921	1691	4307	4512	15967	9313	13524
SMU21_04926	1787	4495	4056	19785	10947	16006
SMU21_04931	313	365	791	1712	877	1409
SMU21_04936	30	30	54	89	63	65
SMU21_04941	64	54	130	212	126	208
SMU21_04946	8839	16443	20877	16656	10399	14107
SMU21_04951	20236	38129	41193	38683	24202	35667
SMU21_04956	7896	14555	16840	14486	8745	12849
SMU21_04961	552	975	993	1218	769	1022
SMU21_04966	215	236	405	478	364	432
SMU21_04971	541	642	1014	1273	831	1098
SMU21_04976	343	224	721	908	536	842
SMU21_04981	549	1095	1270	1143	801	1023
SMU21_04986	625	1211	1430	1759	1116	1442
SMU21_04991	997	1853	2309	3140	1849	2558
SMU21_04996	2094	3711	4488	6935	4239	5873
SMU21_05001	432	1104	865	696	447	583
SMU21_05006	1526	1939	3461	4176	2569	3572
SMU21_05011	0	0	0	0	0	0
SMU21_05016	3060	3647	6574	8662	5287	7652
SMU21_05021	1406	2810	2675	9508	5440	7570
SMU21_05026	391	276	853	825	504	907
SMU21_05031	554	1005	1080	984	631	806
SMU21_05036	460	755	914	978	567	810
SMU21_05041	260	454	481	688	474	558
SMU21_05046	1227	2446	2273	3609	2293	3069
SMU21_05051	969	2306	1646	3035	1863	2476
SMU21_05056	508	523	1046	763	527	323
SMU21_05061	391	277	954	522	299	244
SMU21_05066	488	170	1096	659	294	360
SMU21_05071	1038	1116	1848	2539	1549	2164
SMU21_05076	1146	2600	2658	5623	2965	4190
SMU21_05081	1343	2764	2947	6396	3683	4934
SMU21_00215	1823	2956	3781	3517	2060	3076
SMU21_00220	0	0	0	0	0	0
SMU21_00225	0	0	0	0	0	0
SMU21_00230	0	0	0	0	0	0
SMU21_00235	12269	29371	26200	24918	15233	20889
SMU21_00240	12113	28995	24908	25045	16258	22102
SMU21_00245	129	205	320	208	149	187
SMU21_00250	2516	6946	5342	6598	4008	5516
SMU21_00255	371	225	776	969	493	835
SMU21_00260	1390	1655	2766	4093	2437	3780
SMU21_00265	469	344	1082	1609	855	1089
SMU21_00270	1048	894	2067	3349	1817	2940
SMU21_00275	3139	3414	6416	10121	6017	9227
SMU21_00280	547	757	1254	1733	1138	1656
SMU21_00285	113	140	271	433	236	341
SMU21_00290	2816	5215	6552	10786	6376	8960
SMU21_00295	45	52	126	264	138	216
SMU21_00300	2002	1590	4906	11669	6737	9460
SMU21_00305	110	31	244	221	115	180
SMU21_00310	83	28	148	130	82	134
SMU21_00315	585	154	1472	848	543	1158
SMU21_00320	1550	1710	3515	5955	3357	5033
SMU21_00325	825	1188	1669	2322	1347	1875
SMU21_00330	854	1355	1505	1951	1174	1553
SMU21_00335	40	89	96	224	146	187
SMU21_00340	1307	3467	3661	5384	3099	4081
SMU21_00345	514	1124	1304	3253	1845	2422
SMU21_00350	548	1163	1127	2134	1302	1992
SMU21_00355	745	1479	1356	2558	1568	2312
SMU21_00360	3490	6697	7010	11991	6978	10555
SMU21_00365	1871	3639	3783	7254	3980	6095
SMU21_00370	472	889	1083	1892	1021	1413
SMU21_00375	3195	6561	6589	12032	6824	10098
SMU21_00380	127	624	938	57	123	108
SMU21_00385	462	2370	2979	209	367	235
SMU21_00390	1032	1687	2103	2848	1711	2459
SMU21_00395	461	581	1039	1396	765	1187
SMU21_00400	861	765	1831	2650	1492	2151
SMU21_00405	914	649	1844	2694	1471	2323
SMU21_00410	568	594	1230	2025	1057	1640
SMU21_00415	2497	5034	5439	6734	4471	6471
SMU21_00420	4904	10753	10887	14195	9064	13185
SMU21_00425	3621	8005	8644	11053	6777	9747
SMU21_00430	3897	8807	9533	11652	7379	10022
SMU21_00435	2598	5398	6599	7960	4620	6530
SMU21_00440	6598	8616	15772	19062	10727	15310
SMU21_00445	262	136	529	594	309	551
SMU21_00450	318	159	577	817	453	738
SMU21_00455	2582	3175	5418	7100	4111	5748
SMU21_00460	1363	2051	3406	4513	2566	3812
SMU21_00465	703	2203	1436	3211	1946	2700
SMU21_00470	920	3332	1716	4531	2747	3958
SMU21_00475	1260	3642	2515	6106	3638	5223
SMU21_00480	1025	1338	2167	4626	2552	3703
SMU21_00485	1166	1146	2154	5929	3393	4769
SMU21_00490	558	611	930	3532	1996	2801
SMU21_00495	762	1028	1301	5641	3119	4537
SMU21_00500	339	473	499	2309	1360	1784
SMU21_00505	17	39	45	72	47	68
SMU21_00510	271	444	526	721	436	551
SMU21_00515	191	296	458	593	354	481
SMU21_00520	3855	4311	9204	15269	8899	12619
SMU21_00525	4143	3321	9869	13341	7923	12242
SMU21_00530	851	794	2281	2704	1471	2295
SMU21_00535	2203	2306	5591	8180	4619	6758
SMU21_00540	4671	6372	10264	18673	10088	15942
SMU21_00545	252	204	572	821	392	591
SMU21_00550	1609	1481	4321	7793	4221	6829
SMU21_00555	3525	4956	6907	8920	5161	7259
SMU21_00560	317	451	762	1006	610	764
SMU21_00565	510	760	1080	1329	751	1072
SMU21_00570	340	566	635	1278	682	1103
SMU21_00575	1139	2609	2168	4730	2707	3968
SMU21_00580	355	758	621	1786	1050	1500
SMU21_00585	115	282	237	565	352	381
SMU21_00590	786	2219	1923	2493	1700	2434
SMU21_00595	352	947	1168	1428	930	1137
SMU21_05086	2610	5995	5810	8478	4940	7462
SMU21_05091	5770	9482	13051	17313	9928	14549
SMU21_05096	1745	2081	3515	4176	2559	3779
SMU21_05101	78	32	182	210	108	176
SMU21_05106	837	834	1845	2609	1455	2230
SMU21_05111	1691	1323	3589	3185	1954	3045
SMU21_05116	2896	1299	6742	5695	3153	5181
SMU21_05121	869	2572	1576	2957	1780	2347
SMU21_05126	5609	6070	13473	10746	6439	9804
SMU21_05131	4431	6871	9493	10439	6387	9576
SMU21_05136	2584	3976	5349	5604	3644	5047
SMU21_05141	2488	1834	5545	4508	2645	3978
SMU21_05146	924	857	2419	2081	1250	1914
SMU21_05151	1806	1959	4338	4103	2411	3689
SMU21_05156	3495	5987	7469	9837	5705	8828
SMU21_05161	7347	15306	16749	19307	11479	16565
SMU21_05166	477	1051	1232	1302	832	1083
SMU21_05171	195	154	419	744	419	551
SMU21_05176	440	220	890	1521	904	1428
SMU21_05181	297	169	661	1108	554	929
SMU21_05186	1235	1222	2571	3538	1986	3031
SMU21_05191	286	352	752	891	554	725
SMU21_05196	182	160	355	425	237	336
SMU21_05201	256	195	666	492	304	392
SMU21_05206	1057	1991	2288	5948	2776	3552
SMU21_05211	498	1006	919	2595	1149	1656
SMU21_05216	789	1836	1647	4103	1865	2602
SMU21_05221	3173	13976	8255	13067	5966	8080
SMU21_05226	188	277	428	458	265	385
SMU21_05231	12	34	36	38	30	42
SMU21_05236	14	30	40	89	49	101
SMU21_05241	1766	1357	3500	5938	3812	5558
SMU21_05246	604	404	1465	689	428	637
SMU21_05251	1458	318	3483	1413	882	1426
SMU21_05256	256	1421	408	387	312	222
SMU21_05261	176	21	531	238	127	270
SMU21_05266	457	50	1145	661	357	707
SMU21_05271	456	49	1207	621	405	712
SMU21_05276	91	19	239	151	86	133
SMU21_05281	179	176	377	402	246	412
SMU21_05286	180	213	363	357	200	341
SMU21_05291	277	421	590	740	518	636
SMU21_05296	240	267	412	371	255	282
SMU21_05301	68	53	145	162	100	135
SMU21_05306	29	12	92	222	139	225
SMU21_05311	25	25	65	222	111	229
SMU21_05316	850	1125	1792	2753	1575	2399
SMU21_05321	1045	1267	2164	3114	1889	2818
SMU21_05326	1773	2243	3778	5462	3142	4991
SMU21_05331	1013	1081	1986	4030	2417	3588
SMU21_05336	701	508	1465	2676	1430	2330
SMU21_05341	1788	3366	3880	7193	4006	5857
SMU21_05346	362	990	859	1522	864	1209
SMU21_05351	298	760	765	1913	1265	1734
SMU21_05356	275	502	811	2046	1152	1770
SMU21_05361	166	50	412	645	336	568
SMU21_05366	387	544	978	1758	930	1394
SMU21_05371	93	185	277	593	405	546
SMU21_05376	946	1880	2205	1826	1152	1610
SMU21_05381	275	131	566	214	134	225
SMU21_05386	1471	601	2757	1268	918	1299
SMU21_05391	569	214	1259	534	408	604
SMU21_05396	931	409	2215	1156	733	1080
SMU21_05401	737	407	1846	914	640	867
SMU21_05406	611	325	1527	868	576	713
SMU21_05411	1484	1071	3604	2061	1360	1884
SMU21_05416	806	662	2253	1322	839	1197
SMU21_05421	14	1	46	36	34	52
SMU21_05426	3698	3938	9670	33346	18616	27647
SMU21_05431	551	657	1391	1044	669	1043
SMU21_05436	2633	4174	5931	4592	2894	4296
SMU21_05441	1279	2216	3118	1862	1233	1698
SMU21_05446	9617	12375	20272	24902	13988	21550
SMU21_05451	1220	1338	2547	2830	1716	2470
SMU21_05456	1127	1495	2555	4927	2845	4450
SMU21_05461	633	488	1491	1867	1002	1988
SMU21_05466	650	244	1390	1115	639	1528
SMU21_05471	6211	9343	13441	16296	9697	13857
SMU21_05476	7367	8678	18771	19365	10967	15802
SMU21_05481	4447	3776	11069	10296	6470	9259
SMU21_05486	5095	3592	11746	11216	7091	11125
SMU21_05491	752	314	2039	1266	769	1093
SMU21_05496	4400	1840	11335	8303	5031	8357
SMU21_05501	4321	2200	11650	8188	4902	7737
SMU21_05506	4315	7824	10549	10436	6261	8439
SMU21_05511	44	82	119	77	57	61
SMU21_05516	900	1462	1786	2497	1639	2232
SMU21_05521	596	543	1373	1015	638	932
SMU21_05526	2684	3303	6336	5046	3069	4342
SMU21_05531	1018	1343	2108	2028	1328	2058
SMU21_05536	1291	1534	2727	2590	1567	2446
SMU21_05541	3098	2170	7477	13070	7519	13203
SMU21_05546	516	536	1032	2619	1524	2393
SMU21_05551	1770	1194	4260	4956	2911	4576
SMU21_05556	2664	1494	6216	8045	4658	7323
SMU21_05561	1449	641	3335	4289	2326	3819
SMU21_05566	1693	2221	4359	454	450	362
SMU21_05571	1554	2200	3615	429	360	314
SMU21_05576	1844	3369	4472	532	468	399
SMU21_05581	1294	2586	3135	449	379	326
SMU21_05586	935	2066	1981	3939	2266	3357
SMU21_05591	286	573	680	1204	683	853
SMU21_05596	2242	4327	4666	9974	5684	8233
SMU21_05601	75	88	161	188	136	207
SMU21_05606	2563	5384	5546	20800	11384	17171
SMU21_05611	10827	22095	22392	81305	49526	74013
SMU21_05616	6200	10691	13803	45286	27638	40074
SMU21_05621	10878	17242	23721	83273	50880	76951
SMU21_05626	2856	3206	6488	20941	12593	18582
SMU21_05631	3189	3557	7205	23512	14593	20837
SMU21_05636	4522	5548	9713	34099	21200	30998
SMU21_05641	2174	3074	3818	15959	10289	16604
SMU21_05646	2223	3816	4879	10626	5613	8336
SMU21_05651	992	1324	2189	4549	2369	3406
SMU21_05656	583	541	1243	2145	1189	1523
SMU21_05661	1056	833	2149	3334	1888	2938
SMU21_05666	1605	945	3140	4349	2544	3947
SMU21_05671	213	116	472	513	342	456
SMU21_05676	3125	2912	6776	11450	6497	10436
SMU21_05681	1092	1269	2538	3956	2192	3273
SMU21_05686	2031	3221	4384	6791	3974	5734
SMU21_05691	792	1810	1921	1190	827	1047
SMU21_05696	172	279	409	372	234	232
SMU21_05701	380	718	826	907	637	854
SMU21_05706	871	1747	1891	2432	1651	2322
SMU21_05711	127	227	248	570	384	607
SMU21_05716	88	110	200	490	384	629
SMU21_05721	77	87	142	338	250	368
SMU21_05726	25	49	62	136	81	149
SMU21_05731	23	36	50	109	56	93
SMU21_05736	631	1267	1442	2696	1568	2042
SMU21_05741	1344	2462	2454	5614	3152	4553
SMU21_05746	680	935	1389	3183	1709	2520
SMU21_05751	279	239	490	1192	688	970
SMU21_05756	23	56	41	202	108	171
SMU21_05761	45	73	78	351	236	406
SMU21_05766	640	1110	1082	13457	6946	11132
SMU21_05771	625	1120	1154	13684	7293	10455
SMU21_05776	2082	4157	3720	43542	22939	32442
SMU21_05781	1244	1635	2679	1929	1068	1571
SMU21_05786	828	1239	1762	1282	791	1187
SMU21_05791	853	1542	2260	5147	2931	4178
SMU21_05796	1096	2773	2006	1415	855	1133
SMU21_05801	500	931	1056	559	357	515
SMU21_05806	372	676	802	469	261	415
SMU21_05811	706	1567	1432	997	591	799
SMU21_05816	3910	9459	8213	11129	6781	9926
SMU21_05821	2230	6481	4900	9653	5924	8113
SMU21_05826	1	11	5	7	0	6
SMU21_05831	650	1554	1188	2747	1538	2177
SMU21_05836	368	1013	620	1380	809	1139
SMU21_05841	671	2171	1358	2660	1600	2215
SMU21_05846	651	2522	1139	2636	1505	2086
SMU21_05851	439	895	832	500	330	384
SMU21_05856	1093	2157	2080	1240	797	890
SMU21_05861	1192	2041	1892	1187	805	1023
SMU21_05866	1516	2730	2462	1805	1191	1604
SMU21_05871	3878	7915	6514	4267	2689	3381
SMU21_05876	2213	1536	5158	2962	1642	2694
SMU21_05881	1236	952	3238	1900	1025	1598
SMU21_05886	1967	2741	4984	2903	1751	2675
SMU21_05891	3503	6321	7405	5720	3714	4541
SMU21_05896	2727	5671	5606	4146	3171	3489
SMU21_05901	382	573	745	726	489	662
SMU21_05906	571	1016	1163	1112	731	1043
SMU21_05911	1282	2333	2527	5054	2712	4002
SMU21_05916	4144	6778	10032	8038	5343	8101
SMU21_05921	4048	7514	10213	8114	5257	7337
SMU21_05926	8157	19626	21138	14894	9272	12825
SMU21_05931	279	1083	618	369	253	384
SMU21_05936	266	969	581	426	261	337
SMU21_05941	11328	3544	29682	19356	11496	19092
SMU21_05946	6639	3490	18781	11085	6434	10304
SMU21_05951	20338	11685	51820	33411	21035	34274
SMU21_05956	7055	3918	19300	11781	6931	10751
SMU21_05961	10347	5394	26668	17961	11042	17521
SMU21_05966	8054	4007	18140	12845	8959	14296
SMU21_05971	9872	4940	23020	16693	10566	17460
SMU21_05976	3469	1675	8642	6323	3928	6083
SMU21_05981	18028	33151	51359	27556	19856	24914
SMU21_05986	9372	16896	24700	14877	11093	13566
SMU21_05991	5390	8906	16010	8671	5986	7511
SMU21_05996	13178	21800	37279	21311	14702	19283
SMU21_06001	10970	16974	29097	17911	12539	16939
SMU21_06006	13866	17489	37746	20841	14102	19068
SMU21_06011	12572	12646	37614	19489	13445	17633
SMU21_06016	8567	8432	23887	14479	9041	13220
SMU21_06021	11017	10240	34514	18595	11281	15771
SMU21_06026	9144	8538	25784	14524	9900	13661
SMU21_06031	6741	5970	20829	11039	7362	9420
SMU21_06036	6591	6408	19373	11482	7457	9992
SMU21_06041	3232	3242	10145	5816	3850	5011
SMU21_06046	10935	12775	32205	18783	12418	16180
SMU21_06051	17233	21854	47250	30862	19947	27725
SMU21_06056	7096	9596	20326	13617	8396	11436
SMU21_06061	3662	5325	9654	6841	4813	6864
SMU21_06066	0	0	0	0	0	0
SMU21_06071	0	0	0	0	0	0
SMU21_06076	2060	3176	5721	3605	2178	2921
SMU21_06081	16855	28113	41801	30238	19184	28321
SMU21_06086	11899	20483	28894	21677	13609	19907
SMU21_06091	252	118	546	2711	1221	2187
SMU21_06096	1207	634	2921	4534	2755	4172
SMU21_06101	5195	11938	11398	11493	7100	9519
SMU21_06106	902	1622	1758	1600	947	1246
SMU21_06111	10592	18959	25159	16655	10460	14299
SMU21_06116	15709	32603	34355	24737	15647	23430
SMU21_06131	635	1123	1222	1461	741	964
SMU21_06136	5808	15768	12170	36461	19591	28350
SMU21_06141	59	38	115	230	168	249
SMU21_06146	0	0	0	0	0	0
SMU21_06151	0	0	0	0	0	0
SMU21_06156	0	0	0	0	0	0
SMU21_06161	0	0	0	0	0	0
SMU21_06166	0	0	0	0	0	0
SMU21_06171	0	0	0	0	0	0
SMU21_06176	0	0	0	0	0	0
SMU21_06181	0	0	0	0	0	0
SMU21_06186	0	0	0	0	0	0
SMU21_06191	0	0	0	0	0	0
SMU21_06221	0	0	0	0	0	0
SMU21_06226	1369	1366	3168	498	419	458
SMU21_06231	2372	2379	5477	741	652	645
SMU21_06236	93	84	186	535	304	428
SMU21_06241	5283	8194	11518	15821	9125	13304
SMU21_06246	522	581	1187	2919	1705	2543
SMU21_06251	2158	2725	5091	12447	6906	10152
SMU21_06256	599	1409	1152	647	478	563
SMU21_06261	4951	13267	10633	5019	3410	4097
SMU21_06266	184	453	450	565	317	442
SMU21_06271	334	697	729	1021	593	807
SMU21_06276	537	973	1140	1799	973	1498
SMU21_06281	62	47	99	143	83	113
SMU21_06286	240	342	515	844	503	765
SMU21_06291	163	348	299	802	411	609
SMU21_06296	651	1550	1275	3858	1959	2833
SMU21_06301	2626	2996	4091	31712	19925	29806
SMU21_06310	130	236	354	448	279	383
SMU21_06315	460	326	970	1598	940	1510
SMU21_06320	604	295	1233	1736	979	1559
SMU21_06325	783	499	1584	2296	1436	2208
SMU21_06330	1444	1632	3209	4887	2785	4269
SMU21_06335	884	1661	1727	1418	882	1233
SMU21_06340	1435	3357	2922	8043	4475	6589
SMU21_06345	1628	3735	3322	9748	5319	7444
SMU21_06350	338	740	760	2107	1242	1607
SMU21_06355	0	0	0	6	3	2
SMU21_06360	4246	6974	8551	9453	5671	8698
SMU21_06365	787	1557	1666	1812	1184	1619
SMU21_06370	460	1442	637	1602	874	1250
SMU21_06375	4721	6148	8785	23713	14730	22523
SMU21_06380	2450	2793	5088	9947	5918	8606
SMU21_06385	954	772	2042	3901	2118	3127
SMU21_06390	1548	1154	2901	6053	3586	5536
SMU21_06395	781	1395	1827	1543	918	1305
SMU21_06400	1476	2756	3329	3576	2031	2972
SMU21_06405	2581	6233	5135	5499	3329	4613
SMU21_06410	3231	5813	9489	42793	25557	37553
SMU21_06415	6950	13880	19582	89948	51765	75805
SMU21_06420	232	140	572	621	286	365
SMU21_06425	250	246	634	859	386	584
SMU21_06430	1443	3285	3411	5126	2310	3119
SMU21_06435	25	21	51	77	51	62
SMU21_06440	1	0	1	0	0	0
SMU21_06445	503	353	1154	2299	1503	2333
SMU21_06450	2920	5086	6320	5795	3309	4739
SMU21_06455	1338	1888	2703	5158	3124	4539
SMU21_06460	3507	3702	6446	12068	6556	10547
SMU21_06465	1702	1655	3878	3383	2111	2955
SMU21_06470	1179	1203	2614	2493	1528	2344
SMU21_06475	1251	1359	2936	2726	1636	2218
SMU21_06480	2167	2856	5218	4828	3172	4461
SMU21_06485	3024	3618	7013	6249	4019	5721
SMU21_06490	2711	2861	6288	5166	3399	4845
SMU21_06495	924	921	2209	2105	1288	1760
SMU21_06500	263	238	611	590	356	450
SMU21_06505	1434	1958	3088	3093	1852	2775
SMU21_06510	524	568	1117	1179	707	997
SMU21_06515	892	760	1772	1828	1154	1659
SMU21_06520	2413	2146	5091	5933	3605	5694
SMU21_06525	1438	3296	3115	2682	1635	2400
SMU21_06530	1061	2308	2154	2327	1501	2079
SMU21_06535	15	11	44	18	18	29
SMU21_06540	53	7	95	61	35	47
SMU21_06555	272	191	583	1735	937	1413
SMU21_06560	327	257	625	1864	1081	1679
SMU21_06565	623	602	1149	3967	2164	3438
SMU21_06570	133	140	233	813	442	633
SMU21_06575	69	117	122	159	92	168
SMU21_06580	100	178	163	261	172	237
SMU21_06585	86	54	183	84	45	64
SMU21_06590	114	97	262	147	72	113
SMU21_06595	216	164	555	228	159	230
SMU21_06600	798	400	1642	640	408	636
SMU21_06605	202	459	513	620	413	527
SMU21_06610	149	111	256	244	160	190
SMU21_06615	92	182	224	168	100	149
SMU21_06620	66	153	134	123	85	120
SMU21_06625	960	861	1680	9096	5163	8003
SMU21_06630	315	571	807	733	421	538
SMU21_06635	667	789	1457	1719	959	1546
SMU21_06640	424	376	929	968	549	890
SMU21_06645	486	485	956	1145	634	940
SMU21_06650	683	851	1384	1676	936	1448
SMU21_06655	405	1009	635	763	441	706
SMU21_06660	270	631	481	521	349	440
SMU21_06665	80	94	163	278	151	184
SMU21_06670	64	77	126	260	128	188
SMU21_06675	114	45	133	234	154	183
SMU21_06680	97	35	166	184	104	130
SMU21_06685	446	618	994	877	623	721
SMU21_06690	2197	4468	5106	7374	4212	6022
SMU21_06695	1297	1642	2895	4105	2354	3435
SMU21_06700	822	1359	1784	2762	1784	2314
SMU21_06705	1848	4193	3707	3868	2299	3127
SMU21_06710	930	2444	2260	1915	1238	1610
SMU21_06715	1501	2953	3268	2690	1688	2370
SMU21_06720	2126	2460	4813	6142	4086	6454
SMU21_06725	2261	2613	5416	6271	3960	5706
SMU21_06730	320	372	730	811	481	697
SMU21_06735	804	980	1827	2221	1533	2174
SMU21_06740	2230	2280	4694	5956	3926	6153
SMU21_06745	332	81	582	1231	668	975
SMU21_06750	1351	376	2657	5069	2636	5060
SMU21_06755	1121	384	2196	4112	2353	4311
SMU21_06760	218	180	572	582	311	445
SMU21_06765	3318	4652	7155	8203	4956	7032
SMU21_06770	953	2047	1966	2026	1264	1797
SMU21_06775	984	2057	1897	2127	1335	2081
SMU21_06780	1676	1408	3691	2888	1720	2556
SMU21_06785	460	467	1049	1757	1029	1596
SMU21_06790	2502	5761	5242	5461	3295	4585
SMU21_06795	1083	2804	2489	12827	7002	9994
SMU21_06800	2115	4771	4668	23512	13187	18950
SMU21_06805	641	680	1385	3738	2310	3501
SMU21_06810	561	511	1016	2728	1709	2697
SMU21_06815	226	152	456	913	480	767
SMU21_06820	3173	7478	6867	9687	5496	7599
SMU21_06825	789	1968	1605	2527	1447	2288
SMU21_06830	2317	5508	4954	7366	4197	6226
SMU21_06835	3127	6965	6562	10408	6019	8833
SMU21_06840	806	1552	1611	2910	1823	2636
SMU21_06845	446	767	982	1644	876	1360
SMU21_06850	505	961	1043	1712	983	1455
SMU21_06855	893	2185	1891	3362	1862	2668
SMU21_06860	1986	4962	4057	7552	4319	6221
SMU21_06865	1405	3485	2650	5751	3266	4930
SMU21_06870	48	29	122	177	99	148
SMU21_06875	39	13	97	120	91	159
SMU21_06880	140	46	323	409	255	449
SMU21_06885	96	87	256	342	233	364
SMU21_06890	1910	4049	4394	5678	3201	4766
SMU21_06895	1475	2552	3326	6204	3432	5477
SMU21_06900	1442	2355	3136	5803	3440	5202
SMU21_06905	826	1369	1881	3064	1805	2775
SMU21_06910	2812	5276	6718	11274	6431	9850
SMU21_06915	356	630	771	610	334	505
SMU21_06920	790	2024	1447	3414	2194	2694
SMU21_06925	290	248	625	976	525	805
SMU21_06930	312	180	813	809	470	802
SMU21_06935	248	142	644	670	414	577
SMU21_06940	0	0	0	0	0	0
SMU21_06945	0	0	0	0	0	0
SMU21_06950	57	47	199	157	86	146
SMU21_06955	633	3598	1104	858	525	736
SMU21_06960	45	141	85	81	57	67
SMU21_06965	96	339	216	246	152	232
SMU21_06970	192	401	504	847	513	733
SMU21_06975	181	363	448	651	359	577
SMU21_06980	51	77	96	126	83	129
SMU21_06985	0	0	0	0	0	0
SMU21_06990	0	0	0	0	0	0
SMU21_06995	0	0	0	0	0	0
SMU21_07000	46	33	86	103	49	98
SMU21_07005	45	19	108	66	46	91
SMU21_07010	19	12	50	39	11	46
SMU21_07015	9	4	27	18	10	9
SMU21_07020	176	61	343	299	190	263
SMU21_07025	0	0	0	0	0	0
SMU21_07030	0	0	0	0	0	0
SMU21_07035	0	0	0	0	0	0
SMU21_07040	0	0	0	0	0	0
SMU21_07045	0	0	0	0	0	0
SMU21_07050	0	0	0	0	0	0
SMU21_07055	0	0	0	0	0	0
SMU21_07060	0	0	0	0	0	0
SMU21_07065	0	0	0	0	0	0
SMU21_07070	0	0	0	0	0	0
SMU21_07075	0	0	0	0	0	0
SMU21_07080	0	0	0	0	0	0
SMU21_07085	0	0	0	0	0	0
SMU21_07090	0	0	0	0	0	0
SMU21_07095	0	0	0	0	0	0
SMU21_07100	0	0	0	0	0	0
SMU21_07105	0	0	0	0	0	0
SMU21_07110	0	0	0	0	0	0
SMU21_07115	0	0	0	0	0	0
SMU21_07120	0	0	0	0	0	0
SMU21_07125	0	0	0	0	0	0
SMU21_07130	0	0	0	0	0	0
SMU21_07135	0	0	0	0	0	0
SMU21_07140	307	58	859	813	495	825
SMU21_07145	818	1572	1993	4335	2579	3581
SMU21_07150	3229	7345	6585	8403	5239	7488
SMU21_07155	2712	5804	6070	6782	4109	5727
SMU21_07160	1446	719	2926	2826	1707	2860
SMU21_07165	6517	2435	15214	11755	6926	11101
SMU21_07170	632	1014	1337	1617	925	1369
SMU21_07175	355	551	812	803	457	688
SMU21_07180	691	1145	1566	1704	1025	1452
SMU21_07185	508	893	1085	1256	756	1062
SMU21_07190	198	285	410	410	242	386
SMU21_07195	92	133	188	210	104	134
SMU21_07200	505	734	1178	1253	746	984
SMU21_07205	271	338	591	682	375	611
SMU21_07210	197	194	420	462	275	427
SMU21_07215	103	110	215	245	128	202
SMU21_07220	48	47	186	207	99	194
SMU21_07225	138	90	319	400	257	340
SMU21_07230	229	120	525	654	376	572
SMU21_07235	370	306	876	1565	838	1298
SMU21_07240	340	291	741	1345	847	1193
SMU21_07245	669	495	1639	1053	632	850
SMU21_07250	409	300	1000	531	387	482
SMU21_07255	356	568	1000	698	501	638
SMU21_07260	477	901	971	1803	1062	1527
SMU21_07265	512	920	1211	1822	948	1355
SMU21_07270	906	1614	1946	14828	9513	13900
SMU21_07275	720	2275	1268	2966	1773	2507
SMU21_07280	2536	3503	6626	7770	4507	6329
SMU21_07285	3397	3414	6788	9303	5617	8189
SMU21_07290	3635	3530	7889	10509	5837	9017
SMU21_07295	950	603	2068	3050	1571	2421
SMU21_00600	467	605	990	936	556	768
SMU21_00605	611	977	1523	1191	715	1006
SMU21_00610	159	245	382	309	179	254
SMU21_00615	482	381	1087	1311	744	1146
SMU21_00620	1105	675	2466	3241	1850	3261
SMU21_00625	89	39	217	285	166	243
SMU21_00630	2217	1162	4529	6708	3985	6235
SMU21_00635	315	160	790	933	480	726
SMU21_00640	2897	1129	6645	5899	3651	5540
SMU21_00645	2073	742	4436	3687	2421	3400
SMU21_00650	312	335	658	816	472	642
SMU21_00655	429	406	876	1114	728	967
SMU21_00660	2322	5542	5042	6451	3667	5234
SMU21_00665	235	563	506	1500	1032	1682
SMU21_00670	258	452	503	1504	1088	1704
SMU21_00675	42	31	86	245	189	293
SMU21_00680	101	49	171	525	352	644
SMU21_00685	416	384	1066	1596	924	1341
SMU21_00690	24	12	67	74	34	50
SMU21_00695	858	1198	1883	4158	1971	2606
SMU21_00700	485	653	880	2988	1596	2320
SMU21_00705	337	592	681	1858	937	1354
SMU21_00710	445	939	887	1738	1001	1437
SMU21_00715	5354	12873	12151	14415	8465	12067
SMU21_00720	1903	3203	4616	3850	2517	3538
SMU21_00725	1786	2298	4649	3469	2304	3343
SMU21_00730	976	509	2342	1781	1153	1979
SMU21_00735	1250	695	3375	2640	1627	2657
SMU21_00740	1448	1119	3684	3332	1968	3050
SMU21_00745	1107	921	2570	1946	1198	1921
SMU21_00750	1459	1215	3403	2907	1775	2769
SMU21_00755	1527	1236	3663	3143	1877	2925
SMU21_00760	889	709	1951	1924	1100	1767
SMU21_00765	173	120	337	977	518	780
SMU21_00770	1550	975	3444	5659	2927	4533
SMU21_00775	1300	705	2818	4064	2156	3422
SMU21_00780	1840	2103	4432	5853	3045	4452
SMU21_00785	1779	991	4484	2419	1746	2841
SMU21_00790	5	6	9	9	5	14
SMU21_00795	47	43	105	137	82	153
SMU21_00800	17	14	60	51	40	45
SMU21_00805	1203	880	2710	3985	2063	3373
SMU21_00810	668	684	1409	2399	1375	2002
SMU21_00815	562	466	1012	1960	1055	1710
SMU21_00820	622	1084	1402	2346	1175	1777
SMU21_00825	2	5	10	14	4	7
SMU21_00830	994	2574	2039	2343	1355	1897
SMU21_07300	0	0	0	0	0	0
SMU21_07305	0	0	0	0	0	0
SMU21_07310	0	0	0	0	0	0
SMU21_07325	4281	6004	10023	9441	5586	8021
SMU21_07330	2954	4952	6422	6216	4050	5701
SMU21_07335	2135	4079	4648	4353	2882	3749
SMU21_07340	1200	2058	2616	2794	1563	2298
SMU21_07345	3107	2943	7202	14710	8168	12169
SMU21_07350	1678	2506	4611	13798	7262	12377
SMU21_07355	2251	5884	4616	7884	5026	6871
SMU21_07360	260	304	506	941	534	889
SMU21_07365	264	751	1103	87	98	87
SMU21_07370	2396	7795	10321	874	1120	855
SMU21_07375	1996	5742	8348	614	757	520
SMU21_07380	3654	10861	15938	1000	1310	793
SMU21_07385	790	2343	1880	2406	1532	2412
SMU21_07390	4407	18132	11924	13399	9427	12881
SMU21_07395	2368	10595	7032	8317	5497	7625
SMU21_07400	334	1817	910	1042	674	955
SMU21_07405	82	245	238	271	172	242
SMU21_07410	141	410	377	407	267	374
SMU21_07415	72	188	196	238	131	179
SMU21_07420	515	463	922	1803	1060	1505
SMU21_07425	275	184	605	827	492	750
SMU21_07430	229	357	476	662	368	561
SMU21_07435	121	249	275	409	231	339
SMU21_07440	32	27	96	223	138	184
SMU21_07445	17	24	48	133	79	113
SMU21_07450	21	42	53	174	95	122
SMU21_07455	24	48	62	205	134	168
SMU21_07460	38	44	82	274	145	197
SMU21_07465	4488	10137	9581	11327	6505	9250
SMU21_07470	539	882	1251	1325	700	1006
SMU21_07475	3512	2254	7199	8302	4731	7900
SMU21_07480	386	224	772	1192	698	1010
SMU21_07485	269	369	623	1409	793	1255
SMU21_07490	1075	1300	2028	5501	3082	4690
SMU21_07495	46	28	125	140	74	120
SMU21_07500	392	96	805	926	548	879
SMU21_07505	18	2	33	37	18	26
SMU21_07510	217	211	497	886	499	799
SMU21_07515	448	758	930	1763	1047	1532
SMU21_07520	316	697	636	1162	678	951
SMU21_07525	369	760	727	1296	796	1006
SMU21_07530	41	60	73	225	110	175
SMU21_07535	485	783	801	2598	1547	2256
SMU21_07540	645	1207	1316	2896	1776	2555
SMU21_07545	928	2293	2368	3572	2052	2836
SMU21_07550	941	1612	2395	3173	1637	2451
SMU21_07555	497	809	1249	1460	906	1135
SMU21_07560	111	216	205	425	272	366
SMU21_07565	542	633	1247	1665	995	1633
SMU21_07570	10395	26079	29315	87869	50913	71529
SMU21_07575	346	538	692	1579	929	1363
SMU21_07580	1396	3006	2857	4753	2828	4130
SMU21_07585	115	122	230	96	68	87
SMU21_07590	69	102	159	76	48	62
SMU21_07595	907	2533	1968	2292	1503	1953
SMU21_07600	683	1154	1495	1946	989	1497
SMU21_07605	200	331	509	575	367	486
SMU21_07610	1134	2630	2495	3163	1895	2505
SMU21_07615	93	87	220	314	226	294
SMU21_07620	1358	1688	2900	3369	1746	2632
SMU21_07625	316	206	637	503	313	417
SMU21_07630	2946	5419	5990	12871	7570	10582
SMU21_07635	4717	5189	11027	9748	6045	9521
SMU21_07640	6256	5678	16459	12084	6759	10970
SMU21_07645	1797	1019	5107	2685	1569	2129
SMU21_07650	7323	6140	19842	15292	8497	13217
SMU21_07655	6397	6485	19264	13760	7869	11612
SMU21_07660	4856	5361	14588	9902	5875	8277
SMU21_07665	10129	12965	28265	21850	13589	19956
SMU21_07670	3570	4824	11301	8203	5146	7062
SMU21_07675	4875	6287	13576	11420	6328	10219
SMU21_07680	10096	13035	29019	21515	13061	18926
SMU21_07685	7391	10220	20629	15091	9229	13710
SMU21_07690	5213	7941	14537	10476	6787	9279
SMU21_07695	1752	1179	4191	6331	3648	5713
SMU21_07700	1247	501	2843	3611	1975	3474
SMU21_07705	2442	3028	5417	7742	4201	6644
SMU21_07710	445	157	1006	833	512	917
SMU21_07715	2239	457	5818	4381	2648	4965
SMU21_07720	780	228	1772	1180	759	1245
SMU21_07725	1904	3601	4005	4281	2294	3273
SMU21_07730	47	26	70	239	111	154
SMU21_07735	305	355	574	867	464	704
SMU21_07740	1205	2002	2143	7865	4386	6184
SMU21_07745	1501	3643	2713	8842	5053	6795
SMU21_07750	1482	2081	3073	4127	2222	3147
SMU21_07755	1375	1016	2893	5231	3538	4591
SMU21_07760	1884	1388	4334	5173	3186	4669
SMU21_07765	2082	1393	4914	5713	3407	5161
SMU21_07770	1066	704	2688	2860	1730	2663
SMU21_07775	519	305	1433	1382	847	1268
SMU21_07780	599	244	1743	1575	838	1382
SMU21_07785	860	257	2371	1966	1100	1855
SMU21_07790	782	235	1909	1590	866	1425
SMU21_07795	1095	922	2460	2109	1145	1852
SMU21_07800	262	320	758	467	277	410
SMU21_07805	1294	3436	2612	6809	3853	5216
SMU21_07810	2160	5971	4433	12428	7438	10327
SMU21_07815	489	949	892	819	470	678
SMU21_07820	381	160	920	1140	677	971
SMU21_07825	276	140	666	893	532	817
SMU21_07830	184	75	369	627	387	594
SMU21_07835	0	0	0	0	0	0
SMU21_07840	0	0	0	0	0	0
SMU21_07845	0	0	0	0	0	0
SMU21_07850	0	0	0	0	0	0
SMU21_07855	0	0	0	0	0	0
SMU21_07860	0	0	0	0	0	0
SMU21_07865	0	0	0	0	0	0
SMU21_07870	0	0	0	0	0	0
SMU21_07875	0	0	0	0	0	0
SMU21_07880	0	0	0	0	0	0
SMU21_07885	0	0	0	0	0	0
SMU21_07890	0	0	0	0	0	0
SMU21_07895	0	0	0	0	0	0
SMU21_07900	0	0	0	0	0	0
SMU21_07905	0	0	0	0	0	0
SMU21_07910	0	0	0	0	0	0
SMU21_07915	0	0	0	0	0	0
SMU21_07920	0	0	0	0	0	0
SMU21_07925	0	0	0	0	0	0
SMU21_07930	0	0	0	0	0	0
SMU21_07935	0	0	0	0	0	0
SMU21_07940	0	0	0	0	0	0
SMU21_07945	0	0	0	0	0	0
SMU21_07950	0	0	0	0	0	0
SMU21_07955	0	0	0	0	0	0
SMU21_07960	0	0	0	0	0	0
SMU21_07965	865	2372	1787	1549	985	1314
SMU21_07970	685	1455	1455	1350	809	1031
SMU21_07975	491	1025	918	976	656	896
SMU21_07980	678	1401	1223	4157	2443	3735
SMU21_07985	1869	3234	3097	13760	8253	12376
SMU21_07990	1106	1402	1905	3928	2467	3652
SMU21_07995	677	1107	1362	3667	2051	3190
SMU21_08000	881	2027	2268	14008	8263	11052
SMU21_08005	965	1901	2159	5192	2810	4056
SMU21_08010	6805	16011	11639	20073	11663	15335
SMU21_08015	448	527	983	1183	745	1090
SMU21_08020	392	410	857	887	598	775
SMU21_08025	658	480	1430	1484	872	1432
SMU21_08030	1393	907	3236	2291	1406	2382
SMU21_08035	1849	2097	4069	5208	3331	4999
SMU21_08040	2450	1963	7161	5520	3588	5893
SMU21_08045	3321	2734	8682	7874	5421	9336
SMU21_08050	633	132	1368	1619	894	1726
SMU21_08055	318	108	772	1062	579	958
SMU21_08060	389	138	928	1419	864	1309
SMU21_08065	304	66	653	1044	565	1106
SMU21_08070	161	98	313	477	276	389
SMU21_08075	141	35	263	398	215	417
SMU21_08080	135	32	329	443	263	510
SMU21_08085	1075	2400	2193	2921	1788	2600
SMU21_08090	642	994	1156	1825	1090	1640
SMU21_08095	425	684	825	1250	775	1067
SMU21_08100	1079	2576	2468	2497	1517	2036
SMU21_08105	1242	2465	2591	2361	1402	1901
SMU21_08110	894	922	2205	1100	715	833
SMU21_08115	850	332	1774	1070	585	852
SMU21_08120	978	375	1981	1258	688	1054
SMU21_08125	3772	8714	8939	7119	4357	6158
SMU21_08130	546	250	1194	1256	714	1095
SMU21_08135	15	1	73	19	21	24
SMU21_08140	7	1	44	20	22	20
SMU21_08145	10	4	58	24	18	33
SMU21_08150	21	4	91	25	16	18
SMU21_08155	19	5	69	25	14	36
SMU21_08160	26	6	129	39	20	32
SMU21_08165	63	15	167	75	48	80
SMU21_08170	374	709	1000	2081	1289	2172
SMU21_08175	26932	59138	67278	75024	47429	68126
SMU21_08180	18718	36713	49315	53252	32616	45876
SMU21_08185	2125	3399	4260	7203	4014	6293
SMU21_08190	3070	2803	6382	5780	3503	5284
SMU21_08195	209	320	595	702	392	592
SMU21_08200	409	427	983	1397	866	1182
SMU21_08205	177	120	428	578	319	470
SMU21_08210	601	748	1311	2581	1373	2004
SMU21_08215	79	42	136	108	70	90
SMU21_08220	180	298	366	1027	550	831
SMU21_08225	297	721	672	1879	1015	1370
SMU21_08230	375	1102	785	2247	1338	1892
SMU21_08235	515	1422	1161	2710	1453	2027
SMU21_08240	952	2416	2121	2446	1397	1950
SMU21_08245	610	1632	1252	1334	880	1159
SMU21_08250	3138	11372	7360	15100	9434	14230
SMU21_08255	516	1083	1024	1918	1041	1527
SMU21_08260	592	263	1470	1007	578	981
SMU21_08265	876	1447	1588	2343	1476	2118
SMU21_08270	46	83	80	52	42	65
SMU21_08275	4767	5161	7648	3603	2607	3059
SMU21_08280	1028	2458	2378	1380	979	1273
SMU21_08285	256	328	430	2128	1096	1556
SMU21_08290	847	1688	2050	5825	3179	4537
SMU21_08295	129	5532	367	615	466	715
SMU21_08300	268	11140	867	1288	1027	1494
SMU21_08305	222	8511	682	1094	873	1166
SMU21_08310	96	4698	401	450	384	455
SMU21_08315	312	12976	1051	1362	1077	1508
SMU21_08320	85	22	264	158	95	144
SMU21_08325	548	622	1159	1349	867	1119
SMU21_08330	129	127	304	309	224	328
SMU21_08335	61	106	165	310	169	290
SMU21_08340	723	1244	2499	8397	4215	6561
SMU21_08345	1643	2581	5889	20188	10265	16472
SMU21_08350	3284	5238	11905	40629	20514	30475
SMU21_08355	64	76	190	345	190	291
SMU21_08360	165	139	446	775	428	619
SMU21_08365	137	111	332	639	349	492
SMU21_08370	48	14	100	113	84	135
SMU21_08375	181	67	445	527	291	511
SMU21_08380	5113	3302	11844	15899	9246	15643
SMU21_08385	1245	687	2978	3974	2407	3983
SMU21_08390	1969	1671	4050	4240	2413	3706
SMU21_08395	648	592	1525	2173	1171	1733
SMU21_08400	681	327	1276	1932	1092	1904
SMU21_08405	1412	840	2847	4507	2379	4015
SMU21_08410	1701	1519	3434	5478	3085	4901
SMU21_08415	5312	4968	12146	10692	6537	9861
SMU21_08420	3479	3389	7569	6737	4101	6314
SMU21_08425	3885	4046	9854	7887	4569	6481
SMU21_08430	663	395	1396	1125	638	937
SMU21_08435	406	224	953	680	366	553
SMU21_08440	650	495	1445	1408	771	1219
SMU21_08445	688	833	1647	1606	936	1400
SMU21_08450	248	97	579	786	474	647
SMU21_08455	142	93	311	267	132	195
SMU21_08460	2107	2497	4170	6320	3970	5216
SMU21_08465	635	1474	1387	678	505	649
SMU21_08470	503	1002	1067	746	454	633
SMU21_08475	4910	3177	11227	21590	11578	17629
SMU21_08480	2965	4210	6185	11332	6826	9627
SMU21_08485	57588	157375	128917	149112	87782	125911
SMU21_08490	12729	29395	26683	41106	24168	35605
SMU21_00835	337	169	808	1020	619	968
SMU21_00840	178	483	336	327	311	363
SMU21_00845	2738	1644	8079	4744	3309	5924
SMU21_00850	4	0	18	3	4	5
SMU21_00855	2155	3485	4860	5260	3205	4828
SMU21_00860	731	653	1775	1718	1008	1602
SMU21_00865	710	386	1638	1643	965	1595
SMU21_00870	2254	1546	4470	4844	2854	4699
SMU21_00875	518	791	1181	1015	615	845
SMU21_00880	1280	2963	2625	6949	4138	5558
SMU21_00885	765	1407	1675	3401	1789	2553
SMU21_00890	882	1569	1727	3877	2211	3125
SMU21_00895	502	801	1015	1159	697	934
SMU21_00900	1669	3259	3951	4760	2954	4312
SMU21_00905	864	1585	2267	2507	1522	2101
SMU21_00910	1111	2112	2723	3098	1889	2901
SMU21_00915	508	810	1118	1169	775	1084
SMU21_00920	98	163	205	201	157	189
SMU21_00925	3643	7416	7522	6693	4281	5740
SMU21_00930	352	136	805	550	389	523
SMU21_00935	246	142	555	452	304	418
SMU21_08511	108	121	388	179	129	191
SMU21_08516	1437	1361	3497	6401	3928	6162
SMU21_08521	1951	873	4714	8695	4922	8155
SMU21_08526	14	4	33	31	22	38
SMU21_08531	15	3	50	55	23	61
SMU21_08536	1936	982	5470	4342	2820	4228
SMU21_08541	1529	835	4876	3699	2321	3481
SMU21_08546	1076	849	3454	2453	1525	2125
SMU21_08551	1762	2507	5050	4253	2623	3873
SMU21_08556	604	545	1343	1672	1026	1421
SMU21_08561	1065	676	2375	3177	1970	3233
SMU21_08566	0	0	0	0	0	0
SMU21_08571	0	0	0	0	0	0
SMU21_08576	0	0	0	0	0	0
SMU21_08581	0	0	0	0	0	0
SMU21_08586	0	0	0	0	0	0
SMU21_08591	0	0	0	0	0	0
SMU21_08596	0	0	0	0	0	0
SMU21_08601	0	0	0	0	0	0
SMU21_08606	0	0	0	0	0	0
SMU21_08611	0	0	0	0	0	0
SMU21_08616	0	0	0	0	0	0
SMU21_08621	597	1484	1339	2926	1603	2320
SMU21_08626	189	406	439	956	478	784
SMU21_08631	272	454	656	1236	696	1076
SMU21_08636	213	279	478	806	468	782
SMU21_08641	178	63	456	770	430	680
SMU21_08646	359	220	839	1476	812	1184
SMU21_08651	1263	2085	2854	1683	1126	1521
SMU21_08656	251	147	636	461	310	426
SMU21_08671	896	1267	2049	2414	1420	2258
SMU21_08676	2442	3696	5484	6715	4021	5772
SMU21_08681	10865	29626	24423	40557	23781	31955
SMU21_08686	994	512	3556	2015	1216	2470
SMU21_08691	761	425	3275	1845	1102	1965
SMU21_08696	1867	6658	4034	2905	1922	2515
SMU21_08701	1827	5736	4221	2750	1786	2247
SMU21_08706	3307	8015	7032	4751	2914	4292
SMU21_08711	4934	8783	9384	5500	3295	5559
SMU21_08716	1522	1987	3118	2437	1381	2153
SMU21_08721	3337	3558	6523	5355	3037	4930
SMU21_08726	1389	976	3273	2897	1673	2849
SMU21_08731	555	392	1310	1195	648	1108
SMU21_08736	115	72	313	352	190	279
SMU21_08741	3506	7330	8498	6809	4461	5866
SMU21_08746	842	380	1686	1809	1075	1773
SMU21_08751	439	158	923	1168	622	1143
SMU21_08756	34	25	69	131	73	118
SMU21_08761	9291	11324	20777	23792	15050	22334
SMU21_08766	1160	673	2685	1662	1014	1674
SMU21_08771	1205	787	2908	1933	1181	1898
SMU21_08776	1073	920	2619	1908	1119	1669
SMU21_08781	1739	2366	3914	3166	2069	3015
SMU21_08786	1480	1966	3429	2662	1563	2376
SMU21_08791	1649	1649	3726	2914	1693	2540
SMU21_08796	590	583	1397	1544	867	1290
SMU21_08801	882	1096	1873	2217	1323	1918
SMU21_08806	401	591	1014	1096	652	886
SMU21_08811	1875	4688	3978	5676	3837	5594
SMU21_08816	1072	1759	2377	3830	2266	3508
SMU21_08821	713	1205	1407	2125	1145	1738
SMU21_08826	183	117	475	565	364	526
SMU21_08831	87	51	247	323	204	274
SMU21_08836	24	20	63	175	93	147
SMU21_08841	44	34	62	190	118	176
SMU21_08846	58	63	110	314	154	283
SMU21_08851	802	1691	1886	4817	2664	3969
SMU21_08856	152	275	380	827	486	659
SMU21_08861	247	173	624	1362	739	1204
SMU21_08866	20	19	67	132	85	140
SMU21_08871	336	143	782	1581	881	1516
SMU21_08876	0	0	0	0	0	0
SMU21_08891	1094	2603	2510	1834	1374	1850
SMU21_08896	319	544	826	357	305	374
SMU21_08901	238	507	576	392	250	369
SMU21_08906	95	150	175	151	101	151
SMU21_08911	246	421	617	677	453	610
SMU21_08916	320	432	825	1003	576	844
SMU21_08921	356	537	784	1013	598	841
SMU21_08926	516	1127	1110	1372	845	1233
SMU21_08931	1594	5806	3281	5934	3731	5611
SMU21_08936	1570	4979	3718	6288	3617	5182
SMU21_08941	2249	5971	5403	9144	5588	8265
SMU21_08946	1258	2624	2914	1737	1236	1541
SMU21_08951	930	1114	1916	2315	1513	2039
SMU21_08956	1572	984	3609	2428	1401	2169
SMU21_08961	1390	828	3013	2122	1190	1799
SMU21_08966	1116	854	2338	1736	1115	1550
SMU21_08971	905	429	1796	1096	781	1299
SMU21_08976	330	271	766	1195	674	926
SMU21_08981	122	73	308	575	269	437
SMU21_08986	506	283	928	1648	857	1253
SMU21_08991	237	331	545	438	390	296
SMU21_08996	3489	6631	8932	5075	3204	4033
SMU21_09001	881	535	1968	3079	1862	2766
SMU21_09006	254	220	534	908	459	721
SMU21_09011	12314	15816	25692	56861	31127	45260
SMU21_09016	12043	18680	23424	61059	36053	54162
SMU21_09021	1745	2033	4027	8324	4769	7053
SMU21_09026	387	336	1021	465	241	457
SMU21_09031	614	599	1470	611	394	548
SMU21_09036	400	556	1110	522	267	531
SMU21_09041	812	1114	1829	1740	1102	1736
SMU21_09046	333	374	724	505	291	455
SMU21_09051	30161	77353	63537	43973	27832	38697
SMU21_09058	10509	30731	20807	15304	10456	13494
SMU21_09063	13148	18180	34291	57750	31403	47486
SMU21_09078	0	0	0	0	0	0
SMU21_09083	0	0	0	0	0	0
SMU21_09096	0	0	0	0	0	0
SMU21_09101	0	0	0	0	0	0
SMU21_09106	0	0	0	0	0	0
SMU21_09111	0	0	0	0	0	0
SMU21_09116	0	0	0	0	0	0
SMU21_09121	0	0	0	0	0	0
SMU21_09126	0	0	0	0	0	0
SMU21_09131	1	0	1	3	0	1
SMU21_09136	0	0	0	0	0	0
SMU21_09141	6138	18513	12235	26241	15668	22205
SMU21_09146	135	126	232	261	157	247
SMU21_09151	234	133	445	546	315	403
SMU21_09156	92	53	169	206	129	164
SMU21_09161	99	70	200	300	143	218
SMU21_09166	123	116	241	361	214	313
SMU21_09171	58	89	111	220	128	210
SMU21_09176	26	36	41	87	46	69
SMU21_09181	41	47	80	130	63	99
SMU21_09186	1035	2672	2309	2044	1230	1647
SMU21_09191	355	340	360	540	543	299
SMU21_09196	1681	4188	3280	4184	2515	3611
SMU21_09201	267	421	556	650	449	599
SMU21_09206	991	1101	2204	2798	1601	2339
SMU21_09211	765	1347	1421	4291	2677	3856
SMU21_09216	798	1505	1830	1789	1175	1590
SMU21_09221	2131	4317	4180	5866	3321	4955
SMU21_09226	1352	2848	2847	4725	2790	3799
SMU21_09231	3884	4787	7819	14095	7693	12115
SMU21_09236	8692	21033	17619	18893	11696	16678
SMU21_09241	620	1164	1413	2430	1246	1985
SMU21_09246	42	25	121	190	123	167
SMU21_09251	490	171	1101	1913	1061	1899
SMU21_09256	32	12	82	97	52	79
SMU21_09261	103	65	260	286	169	260
SMU21_09266	0	0	0	0	0	0
SMU21_09271	0	0	0	0	0	0
SMU21_09276	0	0	0	0	0	0
SMU21_09281	0	0	0	0	0	0
SMU21_09286	0	0	0	0	0	0
SMU21_09291	2263	3447	5478	9336	4880	7445
SMU21_09296	0	0	0	0	0	0
SMU21_09301	0	0	0	0	0	0
SMU21_09306	0	0	0	0	0	0
SMU21_09311	0	0	0	0	0	0
SMU21_09316	0	0	0	0	0	0
SMU21_09321	0	0	0	0	0	0
SMU21_09326	387	422	824	1252	637	1024
SMU21_09331	288	308	627	840	494	799
SMU21_09336	885	796	1908	2777	1627	2253
SMU21_09341	189	40	406	691	334	656
SMU21_09346	837	276	1815	2576	1274	1915
SMU21_09351	393	219	723	910	540	807
SMU21_09358	10260	25359	24586	39081	22261	30659
SMU21_09363	27253	67997	61510	73406	43545	60169
SMU21_09368	6827	16992	15014	19047	10752	14730
SMU21_09373	1066	3079	3816	943	771	862
SMU21_00940	137	306	356	628	383	502
SMU21_00945	3819	1167	10479	20344	12647	21096
SMU21_00950	262	416	704	682	441	653
SMU21_00955	1045	2516	2378	2004	1462	2131
SMU21_00960	802	1703	1887	1466	1031	1410
SMU21_00965	66	114	173	112	73	110
SMU21_00970	1716	2705	3872	3590	2479	3415
SMU21_00975	1220	1838	2598	3079	1911	2811
SMU21_00980	1619	2907	3277	4097	2434	3568
SMU21_00985	2275	3881	4635	5974	3606	5375
SMU21_00990	371	409	853	975	549	681
SMU21_00995	0	0	0	0	0	0
SMU21_01000	0	0	0	0	0	0
SMU21_01005	0	0	0	0	0	0
SMU21_01010	108	160	179	323	199	273
SMU21_01015	2246	2375	4257	8758	4837	7325
SMU21_01020	1537	1281	2869	4688	2761	4236
SMU21_01025	488	670	1154	2032	1283	1886
SMU21_01030	204	274	389	823	524	782
SMU21_01035	171	289	381	491	276	433
SMU21_01040	543	818	1020	2898	1698	2675
SMU21_01045	322	551	713	1791	1030	1636
SMU21_01050	351	503	700	1793	1015	1604
SMU21_01055	166	257	401	971	574	857
SMU21_01060	197	227	382	841	492	755
SMU21_01065	287	306	569	1378	806	1199
SMU21_01070	394	365	796	1782	1032	1566
SMU21_01075	139	101	256	529	317	499
SMU21_01080	11	12	24	30	10	23
SMU21_09378	216	334	766	3206	1789	2654
SMU21_09383	1834	2819	7154	26240	13399	20363
SMU21_09388	68	81	91	769	429	716
SMU21_09393	64	97	106	728	380	591
SMU21_09398	0	0	0	0	0	0
SMU21_09403	0	0	0	0	0	0
SMU21_09408	0	0	0	0	0	0
SMU21_09413	293	143	538	1231	655	895
SMU21_09418	589	446	1139	1746	1037	1528
SMU21_09423	429	310	808	1324	792	1179
SMU21_09428	5	1	6	4	0	4
SMU21_09433	0	0	0	0	0	0
SMU21_09438	0	0	0	0	0	0
SMU21_09443	0	0	0	0	0	0
SMU21_09448	0	0	0	0	0	0
SMU21_09463	0	0	0	0	0	0
SMU21_09468	0	0	0	0	0	0
SMU21_09473	0	0	0	0	0	0
SMU21_09478	0	0	0	0	0	0
SMU21_09483	3927	8559	9975	6492	3822	5098
SMU21_09488	9821	20687	22934	16385	10466	14383
SMU21_09493	189	201	313	652	380	517
SMU21_09498	397	438	639	1381	896	1140
SMU21_09503	611	663	880	1723	1134	1406
SMU21_09508	1020	2169	2155	2661	1574	2153
SMU21_09513	689	1323	1433	1756	1024	1536
SMU21_09518	169	68	465	590	298	580
SMU21_09523	306	206	784	1032	553	1070
SMU21_09528	187	354	455	790	485	703
SMU21_09533	256	518	651	1088	653	1066
SMU21_09538	897	1369	2168	2380	1628	2088
SMU21_09543	2473	3814	5991	7091	4343	6105
SMU21_09548	1304	1980	3241	3672	2143	3181
SMU21_09553	1656	2416	3975	4354	2703	3924
SMU21_09558	5397	8581	12476	13885	8436	12331
SMU21_09563	5368	16077	8584	9700	7223	8275
SMU21_09568	11	2	17	27	11	19
SMU21_09573	40	5	59	71	49	79
SMU21_09578	10	1	19	20	13	24
SMU21_09583	46	12	78	109	58	93
SMU21_09588	30	12	39	48	34	54
SMU21_09593	255	406	479	782	526	679
SMU21_09598	1246	3924	2264	7359	4197	5728
SMU21_09603	1011	3458	1884	5494	3291	4619
SMU21_09608	826	2673	1429	4050	2352	3348
SMU21_09613	0	0	0	0	0	0
SMU21_09618	37	25	116	149	72	102
SMU21_09623	3545	4712	8794	18164	10519	13700
SMU21_09628	8615	12091	18062	47228	28907	42154
SMU21_09633	450	220	939	1118	691	1117
SMU21_09638	300	111	678	819	441	749
SMU21_09643	0	0	0	0	0	0
SMU21_09648	0	0	0	0	0	0
SMU21_09653	0	0	0	0	0	0
SMU21_09658	0	0	0	0	0	0
SMU21_09663	0	0	0	0	0	0
SMU21_09668	0	0	0	0	0	0
SMU21_09673	0	0	0	0	0	0
SMU21_09678	0	0	0	0	0	0
SMU21_09683	365	679	780	1532	924	1320
SMU21_09688	911	1903	1930	3008	1902	2655
SMU21_09693	518	1099	1016	1505	1016	1345
SMU21_09698	0	0	0	0	0	0
SMU21_09703	0	0	0	0	0	0
SMU21_09708	0	0	0	0	0	0
SMU21_09713	0	0	0	0	0	0
SMU21_09718	0	0	0	0	0	0
SMU21_09723	0	0	0	0	0	0
SMU21_09728	0	0	0	0	0	0
SMU21_09733	1610	2149	3383	6716	3952	5410
SMU21_09738	2329	2992	5097	10288	5632	8481
SMU21_01085	10826	23105	23202	40253	26883	33206
SMU21_01090	780	316	2112	2298	1120	1875
SMU21_01095	1618	733	3595	4740	2658	4163
SMU21_01100	1715	1319	3406	5264	3215	4859
SMU21_01105	1276	1249	3021	3632	2154	3175
SMU21_01110	568	340	1301	1485	851	1368
SMU21_01115	826	466	1818	2240	1202	1935
SMU21_01120	791	699	1763	2707	1438	2235
SMU21_01125	233	266	571	981	520	770
SMU21_01130	1388	2134	2829	5276	2876	4277
SMU21_01135	574	1066	1351	1093	716	1032
SMU21_01140	207	428	559	557	305	477
SMU21_01145	103	24	168	94	48	58
SMU21_01150	96	41	168	124	53	71
SMU21_01155	445	825	978	931	570	805
SMU21_01160	770	2169	1736	1524	978	1363
SMU21_01165	196	509	319	256	185	210
SMU21_01170	2872	7699	4525	4378	2781	3649
SMU21_01175	804	1923	1166	1359	863	1153
SMU21_01180	1584	4313	2889	2785	1835	2512
SMU21_01185	1277	3183	2538	2200	1360	1883
SMU21_01190	855	1982	1671	2350	1501	1778
SMU21_01195	130	188	299	177	114	148
SMU21_01200	8828	12090	22047	35302	18333	26706
SMU21_01205	211	79	523	852	469	840
SMU21_01210	549	318	1256	1550	749	1398
SMU21_09743	13	40	45	75	49	46
SMU21_09748	2269	1712	5012	2925	1707	2772
SMU21_09753	791	2008	1691	1437	956	1179
SMU21_09780	214	829	195	425	277	273
SMU21_09785	4364	2919	11760	13645	7196	12557
SMU21_09790	0	0	0	0	0	0
SMU21_09795	0	0	0	0	0	0
SMU21_09800	0	0	0	0	0	0
SMU21_09805	0	0	0	0	0	0
SMU21_09810	0	0	0	0	0	0
SMU21_09815	68	40	229	135	74	132
SMU21_09820	847	1789	1783	3534	2008	2943
SMU21_09825	176	541	346	186	135	172
SMU21_09830	178	161	389	466	247	448
SMU21_01215	643	631	1628	1313	917	1559
SMU21_01220	6024	5142	17425	12287	8389	13392
SMU21_01225	4616	3463	14652	9584	5993	9400
SMU21_01230	2043	1432	6063	3369	2403	3315
SMU21_01235	2691	5520	5762	7837	4370	5144
SMU21_01240	17165	38834	37138	44552	23207	29207
SMU21_01245	201	126	407	491	291	519
SMU21_01250	145	258	320	367	203	270
SMU21_01255	1690	2298	2883	8150	4304	6614
SMU21_01260	1081	1154	1883	2765	1634	2510
SMU21_01265	625	661	1125	1516	903	1354
SMU21_01270	1594	1962	3141	4349	2598	3772
SMU21_01275	379	357	800	2630	1413	2112
SMU21_01280	434	358	990	3208	1780	2661
SMU21_01285	6724	16797	14519	19018	11085	15202
SMU21_01290	3531	2754	7843	9726	5231	8288
SMU21_01295	1863	1094	4357	2311	1317	2261
SMU21_01300	1124	1686	2753	1316	736	1167
SMU21_01305	937	1895	2224	1079	661	927
SMU21_01310	795	1942	1673	876	523	745
SMU21_01315	844	2184	1929	908	603	774
SMU21_01320	976	2396	2147	1580	1061	1482
SMU21_01325	677	1646	1506	970	685	924
SMU21_01330	2565	6859	5230	3802	2639	3491
SMU21_01335	604	1695	1396	891	569	704
SMU21_01340	374	437	825	1083	592	946
SMU21_01345	1803	2178	4055	6281	3454	4956
SMU21_01350	2601	4945	5142	8463	4625	7054
SMU21_01355	1046	1238	2534	3180	2179	3270
SMU21_01360	248	242	527	642	427	750
SMU21_01365	130	45	325	255	188	250
SMU21_01370	189	80	512	399	311	383
SMU21_01375	2628	2503	6492	4541	2363	3713
SMU21_01380	1204	436	2863	2466	1363	2192
SMU21_01385	2308	650	5596	5322	2943	5264
SMU21_01390	1967	2105	4747	6437	3581	5809
SMU21_01395	3474	5550	8269	10374	5816	8828
SMU21_01400	1519	2386	3923	4432	2525	3622
SMU21_01405	1095	1828	2654	3101	1686	2520
SMU21_01410	459	261	1096	1792	1050	1616
SMU21_01415	508	252	1402	2298	1255	2090
SMU21_01420	72	27	131	234	111	216
SMU21_09835	366	350	928	1591	889	1538
SMU21_09840	475	563	1248	1072	612	934
SMU21_09903	11	8	20	18	25	46
SMU21_09908	47	17	88	177	110	200
SMU21_01425	97	53	194	369	192	242
SMU21_01430	65	33	124	239	108	201
SMU21_01435	2197	1965	4175	12715	7369	11180
SMU21_01440	164	78	385	360	207	353
SMU21_01445	208	94	464	481	271	475
SMU21_01450	8	0	13	21	8	11
SMU21_01455	11	6	27	31	22	29
SMU21_01460	280	62	586	705	439	798
SMU21_01465	74	18	183	249	119	220
SMU21_01470	123	38	321	416	239	413
SMU21_01475	92	19	260	404	245	383
SMU21_01480	171	30	379	577	325	597
SMU21_01485	109	71	280	450	273	430
SMU21_01490	114	114	231	506	265	429
SMU21_01495	605	794	1414	1020	595	836
SMU21_01500	5440	11518	11913	9770	5604	8169
SMU21_01505	1137	2743	3234	3385	2141	3049
SMU21_01510	2134	6380	6503	3141	2106	2529
SMU21_01515	5262	16451	16820	7790	5314	6527
SMU21_01520	8559	25419	25494	5724	4255	4066
SMU21_01525	2523	6938	6727	1918	1456	1475
SMU21_01530	199	431	401	308	193	265
SMU21_01535	8493	18116	20595	20873	11991	15071
SMU21_01540	59059	136007	121415	200052	120457	161353
SMU21_01545	25666	55434	60519	44772	28922	37219
SMU21_01550	9033	19294	19864	15698	10076	12802
SMU21_01555	12424	25541	25877	22039	13855	18492
SMU21_01560	356	299	736	1430	767	1219
SMU21_01565	1190	1287	2472	2640	1462	2218
SMU21_01570	1477	759	3350	3286	1818	3063
SMU21_01575	956	574	2163	2286	1302	1913
SMU21_01580	1082	792	2534	2681	1464	2274
SMU21_01585	1088	765	2440	2657	1438	2377
SMU21_01590	546	1389	1279	1851	1214	1494
SMU21_01595	1346	3169	3026	5032	2885	4209
SMU21_01600	596	1157	1227	2211	1201	1746
SMU21_01605	371	821	820	1270	787	1034
SMU21_01610	409	842	913	1029	602	847
SMU21_01615	182	322	458	466	277	323
SMU21_01620	792	1496	1514	1829	1106	1594
SMU21_01625	858	1631	1869	2196	1358	1724
SMU21_01630	1026	2176	2181	2796	1533	2158
SMU21_01635	4256	8270	9711	7928	5171	6876
SMU21_01640	645	398	1544	1364	842	1360
SMU21_01645	1712	728	3787	3177	1880	2932
SMU21_01650	1610	840	3159	3097	1917	2887
SMU21_01655	533	300	1133	1082	602	907
SMU21_01660	628	2343	1334	565	381	448
SMU21_01665	1217	4815	2044	1346	845	1100
SMU21_01670	2963	1134	6245	5293	2989	4838
SMU21_01675	794	1053	1839	2787	1736	2140
SMU21_01680	1241	1657	2569	4951	2971	4459
SMU21_01685	2018	2726	4413	9686	5302	7957
SMU21_01690	2021	2448	4481	16030	8541	13505
SMU21_01695	1218	1834	2773	10911	6313	9576
SMU21_01700	1550	2480	3518	3742	2269	3269
SMU21_01705	530	790	1135	1295	798	1028
SMU21_01710	520	880	1054	1350	797	1271
SMU21_01715	5	9	22	20	6	11
SMU21_01720	1883	4190	3427	6719	3547	5470
SMU21_01725	1817	3575	3570	5836	3212	4513
SMU21_01730	685	1638	1340	2751	1699	2284
SMU21_01735	465	1217	1098	1937	1093	1583
SMU21_01740	2706	7805	5820	5243	3321	4251
SMU21_09913	14	10	49	95	44	79
SMU21_09918	25	20	56	124	86	137
SMU21_09923	4	4	16	25	13	12
SMU21_09937	2	1	5	6	2	3
SMU21_09942	25	24	54	83	25	48
SMU21_09947	40	52	90	120	58	109
SMU21_09952	32	13	50	57	26	38
SMU21_09962	12	18	21	14	9	19
SMU21_09972	0	0	0	0	0	0
SMU21_09977	0	0	0	0	0	0
