gene	50	51	52	53	54	55
SMU21_00005	278	97	652	861	450	762
SMU21_00010	452	71	1029	1066	609	1180
SMU21_00015	296	130	739	607	320	625
SMU21_00020	136	42	317	235	148	258
SMU21_00025	95	28	243	207	119	202
SMU21_00030	2	3	10	14	10	12
SMU21_01749	149	89	335	476	229	348
SMU21_01754	447	83	814	1677	1074	1015
SMU21_01759	142	32	270	632	340	304
SMU21_01764	456	257	1147	2737	1333	2376
SMU21_01769	424	170	1015	2568	1228	2191
SMU21_01774	447	240	1099	2703	1411	2339
SMU21_01779	480	493	1149	3347	1747	2804
SMU21_01784	549	485	1111	1888	1037	1600
SMU21_01789	661	773	1501	2139	1297	1729
SMU21_01794	1761	2457	4000	4727	2807	4320
SMU21_01799	904	717	2017	2662	1469	2534
SMU21_01804	755	342	1719	1860	1067	1838
SMU21_01809	838	268	1877	1866	1011	1958
SMU21_01814	417	328	829	1147	710	1111
SMU21_01819	203	48	516	1200	687	1103
SMU21_01824	1941	2378	4133	8371	4701	7228
SMU21_01829	1550	1057	3438	5730	3108	4765
SMU21_01834	129	38	278	373	176	294
SMU21_01839	69	31	180	222	118	135
SMU21_09992	430	432	800	1092	742	1156
SMU21_01844	97	164	179	1177	766	1136
SMU21_01849	74	59	144	210	119	191
SMU21_01854	510	875	975	2580	1352	1940
SMU21_01859	0	0	0	0	0	0
SMU21_01864	142	108	234	574	283	480
SMU21_01869	177	178	380	829	411	644
SMU21_01874	377	387	680	1758	855	1243
SMU21_01879	180	115	289	637	323	474
SMU21_01884	972	1328	1771	4777	2349	3419
SMU21_01889	168	150	272	826	418	599
SMU21_01894	16	30	38	52	31	46
SMU21_01899	672	618	1395	2118	1268	1968
SMU21_01904	1998	2005	4371	6963	3957	6217
SMU21_01909	335	218	791	1407	703	978
SMU21_01914	1031	1003	2194	4163	2393	3478
SMU21_01919	1545	3194	3354	4220	2417	3182
SMU21_01924	27180	25020	61248	73591	47929	70883
SMU21_01929	38	34	76	62	49	65
SMU21_01934	746	536	1630	1034	566	775
SMU21_01941	2078	3566	4327	5031	2903	4178
SMU21_01946	177	139	441	503	240	388
SMU21_01951	357	280	740	1133	653	1072
SMU21_01956	500	579	1064	1999	1078	1808
SMU21_01961	2182	4259	4563	9745	5993	8392
SMU21_01966	132	309	271	500	315	413
SMU21_01971	1016	382	2122	4046	2269	3798
SMU21_01976	561	187	1196	1810	1047	1571
SMU21_01981	755	238	1432	2278	1252	1999
SMU21_01986	1664	659	3388	5026	2897	5107
SMU21_01991	3472	1473	8405	9210	5127	9245
SMU21_01996	1107	925	2322	5314	2618	3371
SMU21_02001	571	461	1325	1123	579	876
SMU21_02006	250	74	551	396	248	459
SMU21_02011	82	29	226	162	96	154
SMU21_02016	2162	2377	4638	7286	4246	6057
SMU21_02021	1883	2170	4004	6233	3670	5187
SMU21_02026	1128	1316	2577	3552	1912	2664
SMU21_02031	32	17	55	56	34	40
SMU21_02036	2032	3081	4348	3369	2225	2825
SMU21_02041	3792	6503	8614	12852	8232	12514
SMU21_02046	133	130	301	359	229	376
SMU21_02051	433	410	819	1029	633	1079
SMU21_02056	360	379	916	880	592	988
SMU21_02061	246	352	575	665	449	627
SMU21_02066	106	201	195	321	199	299
SMU21_02071	1392	1856	3081	4172	2647	3901
SMU21_02076	3506	3877	8282	12103	7374	10955
SMU21_02081	1457	1623	3178	5358	3163	4869
SMU21_02086	1151	1636	2825	3545	2259	2974
SMU21_02091	493	653	1173	1567	1001	1412
SMU21_02096	362	78	703	773	424	687
SMU21_02101	479	222	1024	1014	655	914
SMU21_02106	219	635	551	563	339	458
SMU21_02111	74	99	136	342	194	283
SMU21_02116	210	163	465	322	211	253
SMU21_02121	1507	1291	3130	4516	2725	3684
SMU21_02126	1405	577	2854	4305	2236	3869
SMU21_02131	2613	3234	6259	11253	6234	9208
SMU21_02136	394	143	913	1008	488	814
SMU21_02141	146	30	405	461	196	381
SMU21_02146	248	32	630	991	549	975
SMU21_02151	162	35	506	553	333	564
SMU21_02156	1221	447	2824	2941	1733	3070
SMU21_02161	643	445	1521	1888	1105	1782
SMU21_02166	1629	932	3599	4525	2557	4230
SMU21_02171	939	684	2132	2034	1146	1891
SMU21_02176	432	273	1120	819	481	728
SMU21_02181	1898	420	4612	2534	1933	3206
SMU21_02186	966	409	2702	1348	910	1387
SMU21_02191	3439	4547	8156	16427	9176	13634
SMU21_02196	1583	1991	3996	8424	4417	6676
SMU21_02201	1244	1403	4617	5621	3172	4988
SMU21_02206	4491	1174	11262	9922	5886	10176
SMU21_02211	776	131	2096	1539	944	1658
SMU21_02216	2823	1048	7157	6665	3973	6505
SMU21_02221	425	115	1066	878	479	870
SMU21_02226	204	74	470	388	233	368
SMU21_02231	6627	17161	17106	15135	9048	12503
SMU21_02236	33	17	71	101	54	104
SMU21_02241	303	422	745	1433	930	1399
SMU21_02246	27	36	55	80	33	55
SMU21_02251	94	155	252	318	173	232
SMU21_02256	361	484	842	1069	611	882
SMU21_02261	4640	10968	9746	16867	9572	12573
SMU21_02266	2004	4482	4169	5367	3121	4069
SMU21_02271	321	240	715	772	443	612
SMU21_02276	101	75	222	244	174	218
SMU21_02281	98	74	295	580	358	450
SMU21_02286	1193	2280	2165	4536	2643	3804
SMU21_02291	854	1950	1757	2210	1456	2034
SMU21_02296	1096	2027	2156	2656	1677	2383
SMU21_02301	678	1226	1437	1957	1256	1611
SMU21_02306	1166	1704	2231	2929	1782	2583
SMU21_02311	17	12	33	86	43	66
SMU21_02316	90	30	209	150	80	173
SMU21_02321	123	35	251	236	116	233
SMU21_02326	3409	4602	7308	14217	8192	12388
SMU21_02331	46	32	108	182	117	157
SMU21_02336	173	249	420	284	188	259
SMU21_02341	290	118	629	734	377	533
SMU21_02346	84	36	178	166	104	167
SMU21_02351	562	561	1420	1204	671	909
SMU21_02356	1564	1538	3804	3932	2117	3165
SMU21_02361	2525	2339	4967	5742	3192	5200
SMU21_02366	1939	3169	4605	14349	8317	13253
SMU21_02371	1663	3026	4055	8094	4528	6473
SMU21_02376	3153	5815	6844	11424	7247	10360
SMU21_02381	1338	2352	3130	4912	2886	4087
SMU21_02386	1296	2308	2747	3985	2380	3554
SMU21_02391	0	0	0	0	0	0
SMU21_02396	445	738	1003	7709	4233	6513
SMU21_02401	514	704	1168	7981	4120	6463
SMU21_02406	432	533	845	6681	3461	5606
SMU21_02411	365	399	686	4676	2665	3937
SMU21_02416	295	332	610	3029	1789	2688
SMU21_02421	93	253	216	430	294	401
SMU21_02426	3454	9458	6854	12222	6898	10014
SMU21_02431	988	2351	2013	8047	4470	6355
SMU21_02436	670	1440	1790	3156	1837	2473
SMU21_02441	3005	4688	6284	6503	4237	6127
SMU21_02446	2944	4778	6208	7096	4626	6566
SMU21_02451	2003	3532	4623	5168	3143	4248
SMU21_02456	1586	2820	4033	4108	2411	3211
SMU21_02461	5249	6448	12149	14835	8493	12314
SMU21_02466	1013	1486	2015	2155	1217	1809
SMU21_02471	524	537	1153	1120	667	960
SMU21_02476	4779	10636	13754	32361	17451	26124
SMU21_02481	1362	2738	4086	9856	5392	7581
SMU21_02486	5580	11798	15429	40029	22515	33158
SMU21_02491	5836	11918	15584	39325	22244	33078
SMU21_02496	2904	5559	7752	18787	10750	15374
SMU21_02501	2648	6123	5483	7545	4967	7156
SMU21_02506	2266	3253	4997	6527	4304	6224
SMU21_02511	826	1065	1855	1950	1226	1710
SMU21_02516	1530	2483	3249	3607	2216	3322
SMU21_02521	1964	2910	4671	5525	3267	4513
SMU21_02526	947	1345	2058	2188	1379	1934
SMU21_02531	10	19	39	70	35	36
SMU21_02536	53	55	133	336	180	253
SMU21_02541	123	100	313	659	384	497
SMU21_02546	217	138	555	782	483	612
SMU21_02551	3057	6530	6754	11069	6853	8710
SMU21_02556	2800	4748	5880	8169	4711	6930
SMU21_02561	8644	16972	19197	29808	17153	25454
SMU21_02566	2724	4686	6287	8841	5147	7496
SMU21_02571	7469	12714	17139	27172	16075	23357
SMU21_02576	4980	6699	10115	16946	9606	15342
SMU21_02581	974	899	1965	3647	2014	3241
SMU21_02586	1292	2011	2641	2406	1525	1901
SMU21_02591	622	1568	1548	1469	971	1270
SMU21_02596	1040	2622	2025	6028	3751	5236
SMU21_02601	3668	8458	7057	19412	11236	15799
SMU21_02606	257	417	521	633	379	514
SMU21_02611	213	324	409	437	269	394
SMU21_02616	179	232	356	414	251	366
SMU21_02621	74	176	151	204	125	165
SMU21_02626	156	341	308	439	277	403
SMU21_02631	5252	13586	12122	12610	7535	10802
SMU21_02636	203	484	426	757	431	601
SMU21_02641	373	375	947	1334	693	1078
SMU21_02646	1781	609	4129	3866	2380	4804
SMU21_02651	5097	3944	12176	14630	8712	13751
SMU21_02656	139	183	241	634	342	533
SMU21_02661	151	313	277	466	274	376
SMU21_02666	1356	3734	2820	3430	2181	2937
SMU21_02671	194	457	429	475	274	370
SMU21_02676	772	2026	1557	1859	1096	1508
SMU21_02681	2803	7152	7124	3398	2208	2888
SMU21_02686	7045	11789	18374	8651	5627	7213
SMU21_02691	470	2250	1039	389	238	340
SMU21_02696	929	1442	2154	6130	3426	5405
SMU21_02701	142	110	316	904	459	865
SMU21_02706	17	4	49	90	47	58
SMU21_02711	349	155	831	1987	1039	1823
SMU21_02716	235	126	573	1173	601	990
SMU21_02721	994	430	2073	2512	1388	2276
SMU21_02726	1018	951	1926	3252	1883	2826
SMU21_02731	1466	584	3130	2763	1700	2375
SMU21_02736	4607	5897	10309	6806	4744	6161
SMU21_02741	1310	2296	3815	2853	1784	2109
SMU21_02746	3959	2601	8451	8604	5258	8695
SMU21_02751	2684	1248	5845	7360	4161	6852
SMU21_02756	2754	1775	6240	7235	4154	6780
SMU21_02761	1407	830	3058	3151	1857	2998
SMU21_02766	1693	1392	4406	4522	2624	3836
SMU21_02771	2314	2966	4921	5201	3023	4469
SMU21_02776	1529	1840	3412	3495	2036	2981
SMU21_02781	999	1015	2198	1834	1110	1579
SMU21_02786	2361	1760	5174	4350	2973	4320
SMU21_02791	2241	1136	5347	4469	2735	4007
SMU21_02796	2929	1522	7400	6374	3888	5967
SMU21_02801	0	0	0	0	0	0
SMU21_02806	0	0	0	0	0	0
SMU21_02811	0	0	0	0	0	0
SMU21_02816	1977	919	4712	3499	2183	3305
SMU21_02821	224	111	527	297	191	277
SMU21_02826	444	725	872	3470	2044	2711
SMU21_02831	1561	4269	4608	10259	6010	8572
SMU21_02836	228	301	505	840	426	700
SMU21_02841	496	127	1040	3596	1630	3355
SMU21_02846	1653	3362	3326	6287	3785	5508
SMU21_02851	1593	3024	3409	5956	3542	5216
SMU21_02856	751	798	1537	3035	1824	2721
SMU21_02861	376	253	698	1448	784	1268
SMU21_02866	193	146	462	841	427	731
SMU21_02871	8921	11515	19281	13447	8372	11860
SMU21_02876	6631	8577	14196	9660	6181	8710
SMU21_02881	6007	8579	13969	9498	5829	7640
SMU21_02886	470	644	1061	1272	780	1081
SMU21_02891	351	429	818	984	602	836
SMU21_02896	0	0	0	0	0	0
SMU21_02901	0	0	0	0	0	0
SMU21_02906	0	0	0	0	0	0
SMU21_02911	0	0	0	0	0	0
SMU21_02916	13606	36153	30335	20517	12762	17270
SMU21_02921	247	122	459	1380	917	1238
SMU21_02926	50	102	116	129	66	105
SMU21_02931	53	112	111	124	81	106
SMU21_02936	51	61	117	224	129	212
SMU21_02941	25	16	59	58	44	55
SMU21_02946	2347	7064	4023	8771	5167	6959
SMU21_02951	28	22	39	74	45	51
SMU21_02956	893	1108	1824	2217	1433	2184
SMU21_02961	2777	2250	6374	7534	4357	6775
SMU21_02966	6033	4348	13443	13878	8413	13286
SMU21_02971	0	0	0	0	0	0
SMU21_02976	0	0	0	0	0	0
SMU21_02981	3	1	3	0	1	1
SMU21_02986	377	1009	999	1393	788	1102
SMU21_02991	473	1333	1092	1632	894	1301
SMU21_02996	441	1209	1019	1459	833	1236
SMU21_03001	774	2212	1748	2480	1404	2049
SMU21_03006	522	1676	1223	1869	1056	1454
SMU21_03011	420	1171	988	1343	792	942
SMU21_03016	248	803	653	778	487	619
SMU21_03021	306	973	794	1195	671	878
SMU21_03026	355	971	892	1341	720	1040
SMU21_03031	458	931	1125	1606	905	1291
SMU21_03036	273	431	650	893	499	732
SMU21_03041	79	92	207	219	107	196
SMU21_03046	146	158	294	431	196	347
SMU21_03051	134	148	263	384	201	299
SMU21_03056	6	5	8	33	19	26
SMU21_03061	0	0	0	0	0	0
SMU21_03066	0	0	0	0	0	0
SMU21_03071	0	0	0	0	0	0
SMU21_03076	0	0	0	0	0	0
SMU21_03081	0	0	0	0	0	0
SMU21_03086	0	0	0	0	0	0
SMU21_03091	0	0	0	0	0	0
SMU21_03096	0	0	0	0	0	0
SMU21_03101	0	0	0	0	0	0
SMU21_03106	218	74	466	786	443	760
SMU21_03111	51	40	155	200	94	152
SMU21_03116	190	417	468	960	608	925
SMU21_03121	154	265	322	862	491	681
SMU21_03126	348	784	795	2135	1223	1755
SMU21_03131	85	66	202	281	157	262
SMU21_03136	117	15	353	164	124	256
SMU21_03141	484	95	1293	975	678	1270
SMU21_03146	29156	65550	60385	118041	66257	90087
SMU21_03151	285	331	550	770	491	708
SMU21_03156	762	1258	1575	2356	1572	2146
SMU21_03161	248	232	655	1600	960	1396
SMU21_03166	39	33	96	152	93	142
SMU21_03171	892	1401	2001	3021	1747	2606
SMU21_03176	838	2046	1732	3554	2028	2863
SMU21_03181	2779	7191	5663	13081	7359	10905
SMU21_03186	1043	2789	1977	4856	2632	3806
SMU21_03191	52	32	107	429	169	311
SMU21_03196	132	69	306	366	194	390
SMU21_03201	237	222	530	695	419	585
SMU21_03206	525	1039	1205	3122	1924	2404
SMU21_03211	504	1248	1149	2158	1352	1733
SMU21_03216	1573	4100	3458	6665	4005	5539
SMU21_03231	0	0	0	1	0	0
SMU21_03236	1168	2623	2616	4824	2779	4017
SMU21_03241	1075	2208	2409	3899	2480	3463
SMU21_03246	939	1962	2066	3501	2071	3065
SMU21_03251	686	1444	1545	2390	1469	1937
SMU21_03256	1029	2294	1773	2692	1604	2297
SMU21_03261	497	943	851	403	293	384
SMU21_03266	350	617	628	340	215	288
SMU21_03271	645	1153	1090	1180	766	1088
SMU21_03276	861	1590	1447	1926	1183	1580
SMU21_03281	136	230	319	345	231	308
SMU21_03288	1092	1037	2503	3243	1914	3101
SMU21_03293	1481	1513	3262	4328	2667	3918
SMU21_03298	1168	1223	2594	3485	2191	3195
SMU21_03303	1056	1009	2355	3238	2112	3087
SMU21_03308	477	506	1002	1314	802	1226
SMU21_03313	1847	2294	3929	5406	3222	4941
SMU21_03318	3133	6280	6571	7012	4294	6044
SMU21_03323	2475	3069	5363	5439	3118	4719
SMU21_03328	1988	2495	4013	5700	3526	5201
SMU21_03333	1076	2561	2270	2578	1544	2157
SMU21_03348	55	16	152	66	28	71
SMU21_03353	14	5	50	36	17	19
SMU21_03358	5287	10984	13119	11486	6941	9893
SMU21_03363	353	582	793	697	406	535
SMU21_03368	572	1038	1277	1461	781	979
SMU21_03373	760	1222	1557	1772	1015	1371
SMU21_03378	540	1062	1198	1444	843	1082
SMU21_03383	597	999	1112	1407	782	1098
SMU21_03388	375	359	779	806	480	690
SMU21_03393	2239	3494	4665	5297	3396	4605
SMU21_03398	2488	5227	5540	6297	4289	5729
SMU21_03403	724	1773	2387	9005	4258	6323
SMU21_03408	312	560	838	2596	1502	1972
SMU21_03413	625	746	1418	3268	1753	2521
SMU21_03418	749	893	1696	3225	1885	2760
SMU21_03423	924	1219	1975	3838	2233	3063
SMU21_03428	1109	2866	2529	6455	4260	5974
SMU21_03433	121	132	322	308	170	260
SMU21_03438	36	106	70	86	46	60
SMU21_03443	34	93	70	85	30	44
SMU21_03448	37	118	75	72	31	60
SMU21_03453	28	103	53	45	25	40
SMU21_03458	21	92	56	49	24	42
SMU21_03463	892	673	1861	2666	1422	2568
SMU21_03468	770	794	1668	2430	1355	2163
SMU21_03473	655	863	1455	1716	1043	1535
SMU21_03478	605	791	908	5167	3144	3730
SMU21_03483	563	658	804	4137	2530	2944
SMU21_03488	1423	3935	2805	7721	4244	6128
SMU21_03493	1331	2832	2321	6422	3529	5241
SMU21_03498	590	487	1372	2916	1434	2281
SMU21_03503	754	614	1450	3899	2104	3375
SMU21_03508	1497	1724	2637	4822	2577	4101
SMU21_03513	278	301	717	821	475	535
SMU21_03518	4763	8583	9164	15475	9245	13171
SMU21_03523	1652	4207	3733	5910	3487	4717
SMU21_03528	958	2493	2048	2485	1585	2156
SMU21_03533	688	1598	1376	1712	1051	1525
SMU21_03538	158	177	348	460	267	389
SMU21_03543	190	627	437	547	331	469
SMU21_03548	108	360	257	320	199	320
SMU21_03553	643	1230	1808	2807	1518	2046
SMU21_03558	19538	46465	42055	27109	18979	26029
SMU21_03563	14807	35675	32393	20045	13903	18678
SMU21_03568	658	1601	1497	471	303	379
SMU21_03573	1036	2476	2371	835	526	716
SMU21_03578	1158	999	2247	2882	1465	2410
SMU21_03583	1343	2018	3139	4198	2482	3550
SMU21_03588	1511	2367	3579	4488	2720	4049
SMU21_03593	1611	1833	3830	4109	2602	3675
SMU21_03598	1183	1671	2541	2901	1732	2668
SMU21_03603	1502	2566	3377	3854	2237	3359
SMU21_03608	995	1669	1983	2274	1382	2117
SMU21_03613	683	1193	1591	1540	1007	1407
SMU21_03618	1175	1607	2575	3982	2194	3410
SMU21_03623	1568	2573	3453	5132	2908	4256
SMU21_03628	828	1503	1703	2274	1531	2098
SMU21_03633	604	1004	1231	1552	1010	1360
SMU21_03638	793	1226	1745	2202	1321	1937
SMU21_03643	512	513	1108	1209	736	1104
SMU21_03648	941	6677	2224	567	570	520
SMU21_03653	53	50	114	117	89	108
SMU21_00035	1	5	3	5	5	10
SMU21_00040	0	0	0	0	0	0
SMU21_00045	0	0	0	0	0	0
SMU21_00050	0	0	0	0	0	0
SMU21_00055	612	758	1029	3065	1559	2187
SMU21_00060	489	623	873	2633	1353	1770
SMU21_00065	127	167	303	711	365	580
SMU21_00070	410	302	750	1729	831	1390
SMU21_00075	257	83	475	902	433	853
SMU21_00080	143	53	224	499	222	465
SMU21_00085	147	57	325	565	242	448
SMU21_00090	0	0	0	0	0	0
SMU21_00095	0	0	0	0	0	0
SMU21_00100	0	0	0	0	0	0
SMU21_00105	0	0	0	0	0	0
SMU21_00110	736	1104	1577	3227	1762	2666
SMU21_00115	336	366	717	1016	622	929
SMU21_00120	956	537	2263	2686	1520	2480
SMU21_00125	6605	2090	16899	8670	5990	9626
SMU21_00130	1173	1623	2371	2555	1433	2168
SMU21_00135	561	525	1120	1174	685	978
SMU21_00140	1744	1969	3630	4974	2825	5172
SMU21_00145	4481	7103	9583	13490	7877	12041
SMU21_00150	2588	5204	5592	8200	4721	7097
SMU21_00155	560	980	1266	758	509	710
SMU21_00160	393	344	853	1120	637	878
SMU21_00165	2697	3225	4955	7845	4298	6245
SMU21_00170	1926	1931	4020	7421	4298	6711
SMU21_00175	1438	1194	3249	5522	3054	4907
SMU21_00180	715	592	1636	2760	1511	2277
SMU21_00185	2024	1152	5753	5276	3089	5002
SMU21_00190	191	94	509	553	319	508
SMU21_00195	3422	4217	7990	4132	2214	2554
SMU21_00200	2155	2685	4554	2417	1140	1548
SMU21_00205	13437	23361	27490	13567	7003	8681
SMU21_00210	972	1898	1877	977	516	702
SMU21_03658	0	0	0	0	0	0
SMU21_03663	0	0	0	0	0	0
SMU21_03668	0	0	0	0	0	0
SMU21_03673	0	0	0	0	0	0
SMU21_03678	0	0	0	0	0	0
SMU21_03683	0	0	0	0	0	0
SMU21_03688	0	0	0	0	0	0
SMU21_03693	0	0	0	0	0	0
SMU21_03698	0	0	0	0	0	0
SMU21_03703	0	0	0	0	0	0
SMU21_03708	0	0	0	0	0	0
SMU21_03713	343	285	612	805	461	771
SMU21_03718	266	55	542	364	209	329
SMU21_03723	1152	406	2731	3633	2063	3683
SMU21_03728	111	18	276	236	132	262
SMU21_03733	759	115	1702	1881	984	1469
SMU21_03738	615	434	1500	1529	805	1059
SMU21_03743	94	51	170	395	188	282
SMU21_03748	2284	1626	4655	4240	2484	3891
SMU21_03753	181	33	427	448	261	469
SMU21_03758	689	164	2001	1400	869	1528
SMU21_03763	199	27	546	228	145	327
SMU21_03768	150	23	496	179	112	262
SMU21_03773	28	5	113	51	21	55
SMU21_03778	578	153	1739	985	586	1032
SMU21_03783	439	174	1003	1004	540	1053
SMU21_03788	1492	817	3151	3395	1920	3117
SMU21_03793	8044	8886	18324	22247	13264	19241
SMU21_03798	1358	1176	3021	2323	1350	2093
SMU21_03805	0	0	0	0	0	0
SMU21_03810	0	0	0	0	0	0
SMU21_03815	0	0	0	0	0	0
SMU21_03820	2264	1297	4621	7158	3793	6209
SMU21_03825	2506	1487	4997	8899	4874	8165
SMU21_03830	1141	748	2408	4234	2364	3718
SMU21_03835	642	1170	1255	3072	1689	2261
SMU21_03840	1512	1671	3123	2776	1686	2686
SMU21_03845	396	273	952	650	370	516
SMU21_03850	5632	14817	12722	9907	6581	8935
SMU21_03855	180	135	376	852	507	741
SMU21_03860	406	390	830	1960	1097	1608
SMU21_03865	106	81	232	617	342	461
SMU21_03870	227	274	485	1342	699	1062
SMU21_03875	112	55	256	143	105	170
SMU21_03880	372	157	961	536	313	522
SMU21_03885	289	267	698	450	244	438
SMU21_03890	69	69	157	88	62	75
SMU21_03895	51	39	138	64	36	51
SMU21_03900	0	0	0	0	0	0
SMU21_03905	0	0	0	0	0	0
SMU21_03910	106	220	244	284	168	231
SMU21_03915	73	152	148	177	114	158
SMU21_03920	46	84	144	146	78	123
SMU21_03925	366	709	791	947	646	940
SMU21_03930	827	1311	1846	2343	1314	2041
SMU21_03935	1388	1808	2903	4084	2314	3706
SMU21_03940	1079	1286	2451	2868	1641	2389
SMU21_03945	882	1032	1754	2091	1341	1881
SMU21_03950	2990	4653	5662	7502	4419	6510
SMU21_03955	971	1828	2055	2855	1572	2331
SMU21_03960	123	102	297	761	423	538
SMU21_03965	292	265	659	1516	853	1256
SMU21_03970	227	382	369	768	435	649
SMU21_03975	11	12	31	71	33	71
SMU21_03980	0	0	0	0	0	0
SMU21_03995	0	0	0	3	0	4
SMU21_04000	3649	5775	7611	14535	8249	11973
SMU21_04005	2789	3809	6205	10368	5825	8494
SMU21_04010	803	820	1632	2606	1564	2224
SMU21_04015	1600	1883	3560	4616	2966	4061
SMU21_04020	1539	1713	3287	6298	3314	5135
SMU21_04025	1964	2191	4384	8565	4508	6837
SMU21_04030	1709	2775	3272	9760	5427	8097
SMU21_04035	120	136	226	134	70	111
SMU21_04040	2255	6038	4242	7531	4811	6206
SMU21_04045	1122	2083	2277	3937	2287	3401
SMU21_04050	1046	1553	2062	2603	1428	2120
SMU21_04055	188	248	364	406	247	344
SMU21_04060	521	844	1210	2187	1270	1766
SMU21_04065	1912	2785	4304	6298	3759	5442
SMU21_04070	1039	1377	2343	3411	2082	3273
SMU21_04075	4126	5182	9730	13735	7776	11475
SMU21_04080	10945	13483	24053	34618	20537	30879
SMU21_04085	1550	3060	3116	4989	2911	4171
SMU21_04090	1291	2294	2667	3949	2252	3151
SMU21_04095	1575	3546	3944	2244	1392	1832
SMU21_04100	1021	1196	2042	2043	1138	1647
SMU21_04105	641	825	1498	1349	721	1040
SMU21_04110	2411	2820	5016	5628	3042	4817
SMU21_04115	2810	2898	5760	6999	3624	5780
SMU21_04120	3204	2186	6640	7324	4013	6584
SMU21_04125	302	226	786	621	339	555
SMU21_04130	770	1268	1833	3484	1944	2880
SMU21_04135	1746	3027	4280	8178	4466	6970
SMU21_04140	3899	8307	9367	17319	9861	14278
SMU21_04145	171	461	434	528	344	493
SMU21_04150	1092	1575	2583	2867	1657	2393
SMU21_04155	480	562	957	1101	643	835
SMU21_04160	202	152	401	550	312	450
SMU21_04165	832	872	1691	1955	1082	1496
SMU21_04170	8055	21259	17390	14399	9164	11966
SMU21_04175	942	1315	1870	4752	2811	3849
SMU21_04180	1124	1928	2466	5808	3457	4553
SMU21_04185	357	713	842	1542	909	1250
SMU21_04190	34567	81039	78053	123478	71473	101969
SMU21_04195	642	684	1409	2017	1058	1464
SMU21_04200	221	173	499	824	411	625
SMU21_04205	108	80	253	415	183	259
SMU21_04210	353	646	769	1149	695	997
SMU21_04215	65	170	179	160	115	103
SMU21_04220	2907	6789	6316	4959	3151	4254
SMU21_04225	1879	4028	3683	4558	3161	4432
SMU21_04230	2930	6390	6308	6957	4391	5913
SMU21_04235	494	498	982	1767	1076	1624
SMU21_04240	656	976	1382	2318	1375	2009
SMU21_04245	718	1238	1635	2166	1295	1811
SMU21_04250	1194	2175	2484	3790	2326	3391
SMU21_04255	2003	3766	4018	6727	3974	6247
SMU21_04260	1578	3171	3317	4797	2740	4060
SMU21_04265	984	886	2052	1448	958	1332
SMU21_04270	3091	2036	6466	4311	2746	4314
SMU21_04275	1042	486	2086	1334	970	1616
SMU21_04280	805	298	1724	947	713	1229
SMU21_04285	5872	3650	13823	8564	5300	9230
SMU21_04290	810	404	1831	831	545	949
SMU21_04295	59	86	81	118	74	64
SMU21_04300	329	1004	723	2848	2030	2776
SMU21_04305	1352	3479	3167	12846	7757	12064
SMU21_04310	204	455	504	1911	1196	1874
SMU21_04315	925	974	2094	4124	2466	3508
SMU21_04320	49	59	141	187	99	174
SMU21_04325	1476	93	1987	2726	1843	1783
SMU21_04330	1585	550	2524	3924	2781	2750
SMU21_04335	1579	1442	2738	4359	2817	3583
SMU21_04340	826	745	1652	2300	1450	1645
SMU21_04345	533	861	923	3578	1911	2718
SMU21_04350	796	724	1203	7744	4800	7676
SMU21_04355	93	91	223	185	128	146
SMU21_04360	400	685	718	1061	633	867
SMU21_04365	453	954	899	1188	706	921
SMU21_04370	354	737	634	828	459	656
SMU21_04375	1344	2226	2938	3074	1884	2830
SMU21_04380	2956	2537	6895	6314	3805	5849
SMU21_04385	630	252	1339	1237	692	1156
SMU21_04390	1314	602	2815	2662	1738	2667
SMU21_04395	1133	1484	2613	2229	1304	1904
SMU21_04400	2499	3102	5238	5187	3049	4401
SMU21_04405	3021	3994	6125	9140	5327	8232
SMU21_04410	586	438	1203	1458	825	1177
SMU21_04415	3849	5850	8948	10677	6156	9275
SMU21_04420	2834	6127	6285	6768	4316	6089
SMU21_04425	1040	725	2384	3226	1779	3049
SMU21_04430	2182	2261	4973	5129	2897	4354
SMU21_04435	2481	4670	5993	5996	3491	4572
SMU21_04440	2208	5333	5049	5186	2882	4221
SMU21_04445	90	150	253	229	126	203
SMU21_04450	2345	4447	6400	12613	7181	10165
SMU21_04455	2435	5343	5233	8272	4685	6887
SMU21_04460	1536	3423	3515	5395	2963	4415
SMU21_04467	3865	7487	7790	3850	2304	2947
SMU21_04472	622	1956	1388	1714	1054	1630
SMU21_04477	626	1907	1363	1614	989	1338
SMU21_04482	339	1300	886	1038	612	805
SMU21_04487	419	1360	1011	1065	702	952
SMU21_04492	432	1348	895	1170	747	947
SMU21_04497	147	540	449	430	299	305
SMU21_04502	9860	5985	23541	20140	11619	17879
SMU21_04507	0	0	0	0	0	0
SMU21_04512	1744	826	3950	2881	1823	2988
SMU21_04517	5010	9789	10745	11952	7094	10343
SMU21_04522	1128	1411	2269	11702	7595	10828
SMU21_04527	14998	31658	32146	48295	28265	39444
SMU21_04532	101	143	202	621	445	560
SMU21_04537	478	1317	926	2341	1434	1893
SMU21_04542	510	1488	1035	2565	1595	2212
SMU21_04547	1238	2532	3187	1578	1248	1506
SMU21_04552	682	439	1535	899	531	897
SMU21_04557	3667	10393	7733	15084	9037	12530
SMU21_04562	464	970	1068	1434	841	1151
SMU21_04567	695	1671	1604	2034	1160	1595
SMU21_04572	1493	1908	4909	19187	9641	15949
SMU21_04577	1402	1941	4888	18628	9787	14697
SMU21_04582	426	622	1243	5747	3272	4912
SMU21_04591	2531	3361	5231	4290	2802	3996
SMU21_04596	1137	1438	2430	1531	920	1406
SMU21_04601	1496	2728	3016	2389	1620	2320
SMU21_04606	488	1010	1165	834	542	679
SMU21_04611	1106	2938	1961	4441	2507	3762
SMU21_04616	492	705	972	1838	1000	1517
SMU21_04621	285	592	641	1188	639	978
SMU21_04626	609	1388	1185	2430	1391	1978
SMU21_04631	444	973	850	1463	980	1464
SMU21_04636	486	970	862	1835	1062	1618
SMU21_04641	629	1346	1340	2489	1678	2290
SMU21_04646	531	1176	1161	2327	1450	2009
SMU21_04651	125	266	257	497	304	423
SMU21_04656	691	1493	1399	2697	1669	2325
SMU21_04661	1458	3177	3070	4989	2945	3949
SMU21_04666	315	505	526	952	648	914
SMU21_04671	681	1515	1389	1876	1167	1511
SMU21_04676	2067	3288	4312	3802	2303	3508
SMU21_04681	637	931	1396	1179	721	1102
SMU21_04686	930	1553	2136	1690	1103	1678
SMU21_04691	82	9	220	59	55	100
SMU21_04696	930	3128	1596	7849	4379	5577
SMU21_04701	1070	3217	1939	8837	4916	6233
SMU21_04706	24	12	35	59	30	52
SMU21_04711	753	2323	1647	4455	2740	3541
SMU21_04716	487	922	1082	1371	752	1030
SMU21_04721	2864	3683	6719	10672	6374	9898
SMU21_04726	957	1012	2599	2793	1755	2778
SMU21_04731	3767	5437	7478	12234	6979	11035
SMU21_04736	3901	5319	8489	11847	6912	10452
SMU21_04741	0	0	0	0	0	0
SMU21_04746	3891	8613	7368	10523	6213	8312
SMU21_04751	685	1345	1448	2093	1248	1698
SMU21_04756	3716	8776	6956	11065	6671	9713
SMU21_04761	340	1170	697	1325	755	1093
SMU21_04766	645	2028	1230	3090	1690	2591
SMU21_04771	0	0	0	0	0	0
SMU21_04776	0	0	0	0	0	0
SMU21_04781	209	30	629	613	309	676
SMU21_04786	181	121	307	439	311	341
SMU21_04791	33	14	62	102	52	58
SMU21_04796	194	55	407	446	236	378
SMU21_04801	484	936	690	2651	1506	2046
SMU21_04816	177	227	403	393	250	393
SMU21_04821	100	156	220	385	218	333
SMU21_04826	102	48	327	182	156	253
SMU21_04831	123	41	427	118	86	155
SMU21_04836	102	48	362	172	124	170
SMU21_04841	9	10	23	27	17	14
SMU21_04846	2354	5144	4844	5984	3656	4954
SMU21_04851	522	1137	1076	1254	818	1010
SMU21_04856	146	78	433	122	76	127
SMU21_04861	226	316	585	356	247	327
SMU21_04866	0	0	0	0	0	0
SMU21_04871	6875	14294	17712	8648	5708	7477
SMU21_04876	10254	23417	23729	12456	9328	12185
SMU21_04881	5512	11991	15556	6982	4684	5852
SMU21_04886	993	1064	2262	1821	1246	1612
SMU21_04891	775	521	1839	2060	1150	1843
SMU21_04896	851	966	1668	2778	1476	2274
SMU21_04901	913	1021	1925	2859	1652	2208
SMU21_04906	1036	647	2066	1740	1076	1658
SMU21_04911	979	759	1932	1449	908	1373
SMU21_04916	1968	1976	4051	5832	3444	5203
SMU21_04921	1691	4305	4510	15960	9307	13517
SMU21_04926	1786	4498	4053	19779	10940	15995
SMU21_04931	314	365	789	1709	877	1409
SMU21_04936	30	30	54	89	63	65
SMU21_04941	64	54	130	213	126	208
SMU21_04946	8834	16437	20873	16648	10395	14101
SMU21_04951	20219	38119	41171	38670	24193	35656
SMU21_04956	7926	14633	16948	14587	8807	12936
SMU21_04961	552	974	993	1218	769	1022
SMU21_04966	214	236	405	478	364	432
SMU21_04971	541	640	1014	1273	831	1097
SMU21_04976	343	223	721	908	536	842
SMU21_04981	549	1095	1267	1143	802	1022
SMU21_04986	625	1210	1429	1758	1117	1442
SMU21_04991	997	1851	2307	3138	1849	2557
SMU21_04996	2093	3709	4488	6933	4237	5870
SMU21_05001	432	1104	864	696	447	583
SMU21_05006	1523	1940	3458	4174	2567	3571
SMU21_05011	0	1	0	1	0	0
SMU21_05016	3059	3645	6567	8658	5284	7645
SMU21_05021	1404	2807	2674	9498	5437	7570
SMU21_05026	395	279	858	830	508	911
SMU21_05031	554	1005	1080	984	630	804
SMU21_05036	459	756	914	978	566	810
SMU21_05041	260	453	480	688	474	557
SMU21_05046	1227	2447	2271	3607	2292	3067
SMU21_05051	967	2304	1646	3032	1863	2476
SMU21_05056	508	522	1045	760	525	324
SMU21_05061	391	277	954	521	299	244
SMU21_05066	488	170	1095	657	294	360
SMU21_05071	1038	1116	1849	2538	1547	2162
SMU21_05076	1145	2599	2656	5618	2960	4188
SMU21_05081	1340	2760	2947	6395	3683	4934
SMU21_00215	1823	2954	3777	3517	2062	3076
SMU21_00220	0	0	0	0	0	0
SMU21_00225	0	0	0	0	0	0
SMU21_00230	0	0	0	0	0	0
SMU21_00235	12259	29361	26182	24906	15223	20878
SMU21_00240	12110	28983	24899	25030	16253	22093
SMU21_00245	129	205	320	208	149	187
SMU21_00250	2516	6945	5340	6589	4007	5511
SMU21_00255	371	224	776	968	493	834
SMU21_00260	1388	1655	2766	4092	2435	3779
SMU21_00265	469	344	1081	1605	855	1089
SMU21_00270	1046	894	2067	3347	1816	2939
SMU21_00275	3139	3411	6413	10112	6014	9221
SMU21_00280	547	755	1254	1732	1137	1656
SMU21_00285	114	140	273	434	237	341
SMU21_00290	2812	5213	6551	10782	6371	8959
SMU21_00295	45	52	126	263	136	216
SMU21_00300	2002	1587	4906	11662	6733	9450
SMU21_00305	110	31	244	221	116	180
SMU21_00310	83	28	148	130	82	134
SMU21_00315	584	153	1471	847	542	1158
SMU21_00320	1551	1707	3515	5951	3356	5031
SMU21_00325	824	1188	1664	2321	1347	1873
SMU21_00330	854	1354	1504	1947	1176	1553
SMU21_00335	40	88	95	224	145	187
SMU21_00340	1307	3466	3662	5385	3098	4081
SMU21_00345	514	1123	1303	3251	1846	2422
SMU21_00350	548	1163	1127	2134	1302	1991
SMU21_00355	745	1480	1358	2558	1568	2310
SMU21_00360	3493	6693	7009	11982	6979	10549
SMU21_00365	1870	3636	3784	7250	3976	6093
SMU21_00370	472	889	1083	1892	1020	1413
SMU21_00375	3195	6558	6582	12028	6818	10091
SMU21_00380	127	623	938	57	123	109
SMU21_00385	461	2369	2976	207	366	235
SMU21_00390	1032	1688	2102	2844	1709	2459
SMU21_00395	461	582	1038	1396	765	1186
SMU21_00400	861	765	1831	2650	1491	2151
SMU21_00405	914	647	1842	2693	1471	2323
SMU21_00410	567	595	1229	2023	1057	1640
SMU21_00415	2495	5026	5427	6721	4459	6460
SMU21_00420	4901	10747	10880	14182	9060	13175
SMU21_00425	3619	7999	8635	11049	6773	9743
SMU21_00430	3891	8797	9527	11643	7372	10013
SMU21_00435	2597	5391	6593	7954	4619	6527
SMU21_00440	6592	8610	15763	19048	10721	15302
SMU21_00445	262	136	528	594	307	551
SMU21_00450	318	159	577	816	452	738
SMU21_00455	2581	3176	5416	7096	4106	5744
SMU21_00460	1361	2051	3409	4510	2564	3813
SMU21_00465	703	2201	1436	3210	1944	2699
SMU21_00470	918	3326	1713	4516	2741	3949
SMU21_00475	1260	3641	2513	6102	3637	5219
SMU21_00480	1023	1338	2165	4626	2554	3700
SMU21_00485	1165	1147	2153	5926	3391	4769
SMU21_00490	558	611	929	3527	1995	2799
SMU21_00495	763	1030	1300	5638	3121	4536
SMU21_00500	339	474	499	2310	1360	1785
SMU21_00505	17	39	45	72	47	69
SMU21_00510	271	445	527	721	437	552
SMU21_00515	191	295	458	592	354	481
SMU21_00520	3852	4308	9202	15260	8897	12620
SMU21_00525	4141	3317	9866	13334	7916	12231
SMU21_00530	849	794	2280	2704	1472	2295
SMU21_00535	2201	2303	5592	8177	4617	6757
SMU21_00540	4668	6374	10260	18661	10087	15940
SMU21_00545	252	204	572	822	392	592
SMU21_00550	1608	1480	4316	7784	4219	6827
SMU21_00555	3521	4953	6906	8917	5162	7254
SMU21_00560	317	451	762	1007	609	765
SMU21_00565	510	756	1072	1326	750	1066
SMU21_00570	339	566	635	1276	683	1103
SMU21_00575	1138	2607	2166	4727	2705	3968
SMU21_00580	355	758	621	1785	1050	1500
SMU21_00585	114	281	237	565	352	381
SMU21_00590	786	2222	1924	2493	1699	2434
SMU21_00595	352	947	1168	1428	930	1137
SMU21_05086	2609	5990	5812	8472	4940	7462
SMU21_05091	5766	9475	13049	17299	9927	14547
SMU21_05096	1743	2079	3513	4172	2558	3777
SMU21_05101	78	32	182	209	108	176
SMU21_05106	837	834	1846	2607	1457	2229
SMU21_05111	1688	1323	3583	3182	1954	3041
SMU21_05116	2893	1300	6737	5693	3153	5182
SMU21_05121	869	2571	1575	2957	1780	2347
SMU21_05126	5603	6063	13466	10739	6435	9803
SMU21_05131	4427	6867	9492	10437	6384	9571
SMU21_05136	2579	3977	5347	5602	3644	5042
SMU21_05141	2486	1833	5544	4506	2645	3974
SMU21_05146	924	856	2419	2081	1247	1913
SMU21_05151	1804	1959	4338	4099	2409	3685
SMU21_05156	3493	5983	7465	9827	5702	8820
SMU21_05161	7345	15299	16738	19301	11472	16564
SMU21_05166	477	1052	1231	1303	832	1084
SMU21_05171	195	153	419	744	419	551
SMU21_05176	439	219	888	1518	904	1427
SMU21_05181	297	169	661	1106	553	929
SMU21_05186	1234	1223	2568	3531	1985	3031
SMU21_05191	286	352	752	891	554	725
SMU21_05196	182	160	355	425	237	335
SMU21_05201	256	195	666	492	304	392
SMU21_05206	1056	1990	2288	5948	2774	3550
SMU21_05211	498	1006	918	2593	1149	1655
SMU21_05216	788	1837	1646	4097	1864	2599
SMU21_05221	3171	13970	8251	13062	5966	8075
SMU21_05226	188	277	428	458	265	385
SMU21_05231	12	34	36	38	30	42
SMU21_05236	14	30	40	89	49	101
SMU21_05241	1765	1358	3499	5929	3808	5556
SMU21_05246	604	406	1467	692	429	638
SMU21_05251	1457	318	3481	1412	882	1425
SMU21_05256	256	1420	408	387	312	221
SMU21_05261	176	21	531	238	127	270
SMU21_05266	457	50	1146	660	357	707
SMU21_05271	456	49	1207	620	405	711
SMU21_05276	91	19	239	151	86	133
SMU21_05281	180	176	377	401	245	411
SMU21_05286	181	213	363	357	200	341
SMU21_05291	277	421	588	739	518	637
SMU21_05296	240	267	413	371	255	282
SMU21_05301	68	53	145	162	99	134
SMU21_05306	29	12	92	221	139	225
SMU21_05311	25	25	65	222	111	229
SMU21_05316	852	1124	1788	2750	1575	2395
SMU21_05321	1046	1266	2162	3114	1891	2817
SMU21_05326	1772	2243	3777	5460	3143	4994
SMU21_05331	1011	1080	1984	4030	2417	3587
SMU21_05336	701	508	1464	2673	1430	2331
SMU21_05341	1788	3368	3878	7190	4006	5854
SMU21_05346	361	988	858	1521	864	1206
SMU21_05351	298	760	765	1912	1265	1733
SMU21_05356	275	501	811	2045	1152	1770
SMU21_05361	166	50	411	645	335	568
SMU21_05366	387	544	979	1758	930	1395
SMU21_05371	93	185	277	593	405	546
SMU21_05376	946	1881	2203	1826	1153	1610
SMU21_05381	275	131	565	214	134	225
SMU21_05386	1471	601	2753	1268	916	1299
SMU21_05391	569	214	1258	534	408	604
SMU21_05396	932	409	2214	1155	733	1080
SMU21_05401	737	407	1849	915	640	868
SMU21_05406	610	324	1526	868	576	713
SMU21_05411	1484	1069	3602	2061	1360	1883
SMU21_05416	805	663	2252	1322	840	1195
SMU21_05421	14	1	46	36	34	52
SMU21_05426	3698	3940	9667	33328	18607	27645
SMU21_05431	550	657	1390	1043	669	1044
SMU21_05436	2629	4172	5930	4590	2894	4295
SMU21_05441	1279	2216	3115	1862	1233	1699
SMU21_05446	9612	12370	20263	24887	13973	21539
SMU21_05451	1220	1338	2544	2831	1716	2470
SMU21_05456	1125	1495	2553	4927	2843	4447
SMU21_05461	633	487	1491	1866	1000	1989
SMU21_05466	649	244	1388	1114	639	1528
SMU21_05471	6210	9344	13436	16287	9687	13848
SMU21_05476	7365	8674	18764	19360	10964	15801
SMU21_05481	4448	3773	11068	10294	6470	9257
SMU21_05486	5091	3591	11744	11216	7089	11123
SMU21_05491	752	314	2040	1267	767	1093
SMU21_05496	4401	1842	11335	8302	5029	8356
SMU21_05501	4322	2200	11643	8189	4902	7736
SMU21_05506	4315	7824	10541	10433	6263	8439
SMU21_05511	44	82	119	77	57	61
SMU21_05516	898	1461	1787	2497	1638	2229
SMU21_05521	596	544	1373	1014	637	933
SMU21_05526	2683	3307	6336	5043	3069	4342
SMU21_05531	1014	1343	2105	2028	1327	2053
SMU21_05536	1289	1534	2727	2587	1569	2446
SMU21_05541	3099	2171	7473	13065	7516	13197
SMU21_05546	515	536	1031	2617	1524	2394
SMU21_05551	1766	1194	4259	4957	2913	4578
SMU21_05556	2663	1495	6214	8043	4657	7320
SMU21_05561	1449	642	3333	4290	2327	3822
SMU21_05566	1693	2220	4356	454	451	362
SMU21_05571	1554	2198	3611	428	360	312
SMU21_05576	1843	3368	4472	532	469	398
SMU21_05581	1293	2585	3133	449	379	326
SMU21_05586	930	2065	1977	3933	2264	3354
SMU21_05591	285	573	679	1203	683	853
SMU21_05596	2242	4326	4662	9971	5681	8229
SMU21_05601	75	88	159	188	135	207
SMU21_05606	2563	5380	5542	20784	11377	17166
SMU21_05611	10821	22090	22382	81220	49487	73949
SMU21_05616	6198	10691	13799	45276	27630	40069
SMU21_05621	10877	17240	23710	83218	50858	76931
SMU21_05626	2859	3205	6487	20934	12585	18571
SMU21_05631	3187	3553	7209	23504	14586	20824
SMU21_05636	4520	5549	9709	34089	21200	30995
SMU21_05641	2175	3070	3816	15947	10278	16586
SMU21_05646	2222	3814	4875	10623	5613	8327
SMU21_05651	992	1323	2185	4546	2365	3403
SMU21_05656	583	541	1241	2144	1188	1522
SMU21_05661	1054	832	2147	3332	1883	2934
SMU21_05666	1605	943	3137	4348	2545	3944
SMU21_05671	213	116	472	512	342	456
SMU21_05676	3123	2913	6768	11448	6490	10424
SMU21_05681	1093	1268	2536	3955	2187	3269
SMU21_05686	2031	3220	4382	6784	3965	5733
SMU21_05691	793	1808	1920	1190	827	1047
SMU21_05696	172	279	408	372	234	232
SMU21_05701	379	718	825	907	637	854
SMU21_05706	871	1746	1891	2433	1649	2321
SMU21_05711	127	227	248	570	385	607
SMU21_05716	88	110	200	490	383	629
SMU21_05721	77	87	142	338	250	367
SMU21_05726	25	49	62	136	81	148
SMU21_05731	23	35	50	109	54	93
SMU21_05736	631	1267	1443	2694	1564	2045
SMU21_05741	1344	2462	2453	5612	3148	4550
SMU21_05746	680	936	1387	3181	1704	2517
SMU21_05751	279	239	490	1190	688	969
SMU21_05756	23	56	41	202	108	171
SMU21_05761	45	74	78	351	236	406
SMU21_05766	638	1110	1080	13447	6944	11114
SMU21_05771	624	1119	1153	13676	7289	10447
SMU21_05776	2080	4153	3722	43519	22924	32436
SMU21_05781	1242	1635	2679	1929	1066	1571
SMU21_05786	827	1238	1761	1283	789	1186
SMU21_05791	853	1543	2260	5148	2929	4176
SMU21_05796	1096	2773	2004	1414	854	1133
SMU21_05801	500	931	1055	559	357	514
SMU21_05806	372	675	801	470	263	413
SMU21_05811	705	1566	1433	997	591	799
SMU21_05816	3909	9456	8208	11123	6779	9918
SMU21_05821	2228	6480	4901	9643	5922	8110
SMU21_05826	1	11	6	8	0	8
SMU21_05831	651	1553	1187	2748	1537	2177
SMU21_05836	368	1014	620	1380	809	1139
SMU21_05841	671	2171	1359	2658	1601	2215
SMU21_05846	651	2520	1137	2633	1503	2084
SMU21_05851	438	894	830	498	329	384
SMU21_05856	1093	2156	2078	1240	796	890
SMU21_05861	1192	2042	1891	1187	805	1022
SMU21_05866	1515	2729	2460	1803	1190	1605
SMU21_05871	3877	7911	6512	4265	2688	3381
SMU21_05876	2212	1534	5155	2959	1641	2695
SMU21_05881	1236	953	3234	1899	1024	1599
SMU21_05886	1966	2736	4980	2896	1746	2670
SMU21_05891	3505	6320	7402	5718	3714	4537
SMU21_05896	2708	5641	5580	4134	3163	3474
SMU21_05901	382	576	745	729	490	664
SMU21_05906	571	1017	1163	1111	732	1045
SMU21_05911	1284	2334	2527	5055	2710	3999
SMU21_05916	4135	6765	10013	8012	5323	8084
SMU21_05921	4047	7513	10207	8108	5256	7331
SMU21_05926	8158	19618	21124	14887	9267	12825
SMU21_05931	279	1083	618	369	253	384
SMU21_05936	937	1212	2266	1701	1038	1705
SMU21_05941	11326	3545	29662	19337	11489	19079
SMU21_05946	6637	3489	18778	11083	6431	10301
SMU21_05951	20337	11675	51800	33405	21025	34259
SMU21_05956	7052	3916	19292	11783	6933	10750
SMU21_05961	10345	5389	26648	17951	11033	17505
SMU21_05966	8052	4003	18127	12842	8954	14286
SMU21_05971	9868	4940	23004	16694	10561	17455
SMU21_05976	3467	1674	8638	6321	3928	6077
SMU21_05981	18028	33144	51339	27546	19848	24908
SMU21_05986	9368	16895	24686	14872	11093	13561
SMU21_05991	5389	8904	16010	8669	5985	7512
SMU21_05996	13167	21784	37238	21297	14686	19264
SMU21_06001	11013	17013	29209	17960	12555	16965
SMU21_06006	13860	17484	37729	20833	14097	19063
SMU21_06011	12568	12640	37596	19482	13443	17630
SMU21_06016	8560	8428	23866	14471	9034	13212
SMU21_06021	11016	10233	34506	18586	11274	15766
SMU21_06026	9132	8533	25762	14518	9896	13650
SMU21_06031	6741	5970	20828	11040	7361	9417
SMU21_06036	6588	6406	19360	11482	7454	9983
SMU21_06041	3233	3241	10137	5816	3852	5012
SMU21_06046	10933	12771	32183	18775	12413	16177
SMU21_06051	17226	21846	47224	30844	19940	27707
SMU21_06056	7095	9593	20308	13609	8394	11433
SMU21_06061	3657	5319	9634	6831	4809	6852
SMU21_06066	0	0	0	0	0	0
SMU21_06071	0	0	0	0	0	0
SMU21_06076	2058	3178	5718	3605	2177	2921
SMU21_06081	16847	28109	41785	30230	19183	28317
SMU21_06086	11898	20483	28890	21681	13608	19902
SMU21_06091	251	118	546	2711	1220	2183
SMU21_06096	1207	634	2919	4532	2750	4169
SMU21_06101	5197	11923	11386	11481	7098	9518
SMU21_06106	901	1621	1758	1599	947	1246
SMU21_06111	10598	18960	25153	16651	10458	14299
SMU21_06116	15699	32589	34342	24725	15644	23422
SMU21_06131	634	1121	1221	1462	741	966
SMU21_06136	5809	15762	12161	36451	19584	28345
SMU21_06141	59	38	115	230	168	249
SMU21_06146	0	0	0	0	0	0
SMU21_06151	0	0	0	0	0	0
SMU21_06156	0	0	0	0	0	0
SMU21_06161	0	0	0	0	0	0
SMU21_06166	0	0	0	0	0	0
SMU21_06171	0	0	0	0	0	0
SMU21_06176	0	0	0	0	0	0
SMU21_06181	0	0	0	0	0	0
SMU21_06186	0	0	0	0	0	0
SMU21_06191	0	0	0	0	0	0
SMU21_06221	0	0	0	0	0	0
SMU21_06226	1368	1365	3165	503	421	460
SMU21_06231	2372	2376	5475	740	653	644
SMU21_06236	93	84	187	535	304	428
SMU21_06241	5277	8188	11506	15803	9116	13291
SMU21_06246	522	580	1187	2916	1704	2542
SMU21_06251	2155	2721	5087	12428	6894	10140
SMU21_06256	598	1409	1151	644	478	563
SMU21_06261	4945	13262	10622	5016	3409	4095
SMU21_06266	184	451	450	565	317	441
SMU21_06271	334	697	729	1018	593	808
SMU21_06276	538	971	1139	1796	973	1498
SMU21_06281	62	47	99	143	83	113
SMU21_06286	240	342	514	845	503	765
SMU21_06291	163	350	302	802	411	609
SMU21_06296	650	1551	1277	3859	1961	2833
SMU21_06301	2625	2994	4082	31656	19891	29762
SMU21_06310	130	237	354	447	279	383
SMU21_06315	459	325	971	1595	940	1509
SMU21_06320	604	298	1233	1736	978	1557
SMU21_06325	783	499	1585	2294	1435	2208
SMU21_06330	1444	1631	3205	4884	2784	4267
SMU21_06335	884	1660	1728	1419	882	1232
SMU21_06340	1435	3358	2920	8038	4477	6590
SMU21_06345	1628	3731	3321	9741	5320	7446
SMU21_06350	338	740	760	2110	1243	1609
SMU21_06355	0	0	0	6	3	2
SMU21_06360	4245	6976	8547	9449	5665	8699
SMU21_06365	787	1557	1666	1813	1183	1617
SMU21_06370	459	1441	637	1601	873	1250
SMU21_06375	4722	6151	8783	23704	14731	22518
SMU21_06380	2452	2794	5090	9941	5919	8606
SMU21_06385	954	771	2041	3900	2118	3125
SMU21_06390	1548	1150	2899	6050	3587	5534
SMU21_06395	783	1396	1828	1544	916	1306
SMU21_06400	1476	2755	3328	3575	2029	2971
SMU21_06405	2580	6233	5133	5494	3326	4611
SMU21_06410	3233	5814	9484	42773	25547	37527
SMU21_06415	6947	13876	19570	89922	51749	75769
SMU21_06420	232	140	572	621	286	364
SMU21_06425	250	245	634	858	386	584
SMU21_06430	1443	3282	3408	5120	2310	3118
SMU21_06435	25	21	51	77	51	62
SMU21_06440	1	0	1	0	0	0
SMU21_06445	503	354	1154	2299	1503	2334
SMU21_06450	2919	5086	6320	5794	3308	4736
SMU21_06455	1337	1888	2700	5154	3122	4536
SMU21_06460	3508	3701	6450	12067	6556	10538
SMU21_06465	1698	1655	3879	3382	2109	2953
SMU21_06470	1179	1202	2613	2492	1527	2342
SMU21_06475	1249	1359	2934	2722	1637	2213
SMU21_06480	2165	2857	5215	4828	3172	4457
SMU21_06485	3007	3607	6990	6224	4005	5690
SMU21_06490	2710	2862	6287	5163	3399	4844
SMU21_06495	924	921	2209	2105	1288	1758
SMU21_06500	263	238	611	590	356	450
SMU21_06505	1434	1957	3087	3092	1852	2775
SMU21_06510	524	567	1115	1179	707	996
SMU21_06515	892	759	1770	1826	1154	1658
SMU21_06520	2412	2146	5089	5933	3605	5693
SMU21_06525	1438	3296	3113	2681	1634	2398
SMU21_06530	1060	2306	2154	2324	1502	2078
SMU21_06535	15	11	44	18	18	29
SMU21_06540	53	7	95	61	35	47
SMU21_06555	272	191	584	1733	936	1412
SMU21_06560	327	257	625	1864	1080	1678
SMU21_06565	623	602	1148	3962	2161	3438
SMU21_06570	132	140	233	813	441	633
SMU21_06575	69	117	122	159	92	168
SMU21_06580	100	178	163	261	172	237
SMU21_06585	85	54	183	84	45	64
SMU21_06590	114	97	262	147	72	113
SMU21_06595	216	164	555	228	159	230
SMU21_06600	798	400	1643	640	408	637
SMU21_06605	202	459	513	620	413	527
SMU21_06610	149	111	256	244	160	189
SMU21_06615	92	182	224	168	100	149
SMU21_06620	66	153	134	123	85	120
SMU21_06625	960	862	1677	9093	5163	7999
SMU21_06630	315	571	805	733	421	539
SMU21_06635	665	788	1453	1713	956	1541
SMU21_06640	422	374	926	967	549	889
SMU21_06645	484	487	956	1145	631	939
SMU21_06650	682	851	1381	1674	933	1447
SMU21_06655	405	1008	635	763	441	706
SMU21_06660	269	631	481	520	350	440
SMU21_06665	80	94	163	278	151	184
SMU21_06670	64	76	127	260	127	188
SMU21_06675	114	45	133	234	154	183
SMU21_06680	97	35	165	184	104	130
SMU21_06685	446	617	993	877	624	722
SMU21_06690	2197	4469	5105	7372	4213	6022
SMU21_06695	1295	1639	2891	4101	2354	3434
SMU21_06700	822	1360	1782	2760	1784	2311
SMU21_06705	1848	4191	3706	3862	2298	3128
SMU21_06710	930	2443	2261	1914	1239	1609
SMU21_06715	1501	2952	3265	2688	1684	2369
SMU21_06720	2124	2459	4807	6139	4086	6443
SMU21_06725	2257	2612	5416	6267	3960	5704
SMU21_06730	319	372	729	809	481	696
SMU21_06735	803	979	1825	2221	1532	2174
SMU21_06740	2228	2279	4693	5946	3923	6149
SMU21_06745	330	81	582	1231	668	975
SMU21_06750	1348	376	2653	5067	2637	5059
SMU21_06755	1121	383	2194	4108	2350	4307
SMU21_06760	218	179	572	582	311	448
SMU21_06765	3317	4648	7153	8197	4953	7027
SMU21_06770	953	2047	1965	2024	1264	1795
SMU21_06775	984	2054	1898	2127	1335	2080
SMU21_06780	1677	1408	3692	2887	1720	2556
SMU21_06785	460	467	1049	1756	1028	1596
SMU21_06790	2502	5758	5242	5461	3295	4584
SMU21_06795	1083	2806	2486	12812	6994	9991
SMU21_06800	2114	4769	4664	23499	13182	18942
SMU21_06805	641	681	1385	3737	2310	3500
SMU21_06810	561	511	1016	2725	1709	2697
SMU21_06815	226	152	456	912	481	767
SMU21_06820	3172	7481	6863	9685	5493	7595
SMU21_06825	789	1968	1606	2526	1446	2287
SMU21_06830	2317	5507	4953	7365	4191	6226
SMU21_06835	3123	6960	6560	10401	6016	8826
SMU21_06840	806	1552	1612	2909	1823	2634
SMU21_06845	446	768	980	1645	876	1359
SMU21_06850	503	960	1042	1711	985	1453
SMU21_06855	893	2182	1890	3359	1862	2669
SMU21_06860	1986	4955	4055	7553	4312	6217
SMU21_06865	1406	3482	2646	5743	3263	4923
SMU21_06870	48	29	122	177	98	149
SMU21_06875	39	13	96	120	91	159
SMU21_06880	140	46	323	409	255	449
SMU21_06885	96	87	257	341	233	364
SMU21_06890	1908	4046	4393	5674	3201	4764
SMU21_06895	1472	2550	3321	6201	3424	5470
SMU21_06900	1439	2356	3136	5792	3438	5203
SMU21_06905	826	1368	1880	3063	1806	2772
SMU21_06910	2810	5275	6709	11263	6425	9845
SMU21_06915	356	630	771	610	333	505
SMU21_06920	790	2023	1443	3410	2191	2694
SMU21_06925	290	248	625	973	526	805
SMU21_06930	312	180	813	809	470	802
SMU21_06935	248	143	643	671	414	577
SMU21_06940	0	0	0	0	0	0
SMU21_06945	0	0	0	0	0	0
SMU21_06950	57	46	199	157	86	147
SMU21_06955	631	3602	1103	856	524	736
SMU21_06960	45	140	85	81	57	67
SMU21_06965	95	338	216	246	152	232
SMU21_06970	192	401	504	847	512	733
SMU21_06975	180	363	448	649	358	576
SMU21_06980	51	77	96	126	83	129
SMU21_06985	0	0	0	0	0	0
SMU21_06990	0	0	0	0	0	0
SMU21_06995	0	0	0	0	0	0
SMU21_07000	46	33	86	103	49	98
SMU21_07005	45	19	108	66	46	91
SMU21_07010	19	12	50	39	11	46
SMU21_07015	9	4	27	18	10	9
SMU21_07020	176	61	343	299	190	262
SMU21_07025	0	0	0	0	0	0
SMU21_07030	0	0	0	0	0	0
SMU21_07035	0	0	0	0	0	0
SMU21_07040	0	0	0	0	0	0
SMU21_07045	0	0	0	0	0	0
SMU21_07050	0	0	0	0	0	0
SMU21_07055	0	0	0	0	0	0
SMU21_07060	0	0	0	0	0	0
SMU21_07065	0	0	0	0	0	0
SMU21_07070	0	0	0	0	0	0
SMU21_07075	0	0	0	0	0	0
SMU21_07080	0	0	0	0	0	0
SMU21_07085	0	0	0	0	0	0
SMU21_07090	0	0	0	0	0	0
SMU21_07095	0	0	0	0	0	0
SMU21_07100	0	0	0	0	0	0
SMU21_07105	0	0	0	0	0	0
SMU21_07110	0	0	0	0	0	0
SMU21_07115	0	0	0	0	0	0
SMU21_07120	0	0	0	0	0	0
SMU21_07125	0	0	0	0	0	0
SMU21_07130	0	0	0	0	0	0
SMU21_07135	0	0	0	0	0	0
SMU21_07140	307	58	859	813	494	825
SMU21_07145	819	1575	1991	4333	2579	3581
SMU21_07150	3225	7340	6579	8401	5234	7483
SMU21_07155	2712	5798	6068	6776	4103	5725
SMU21_07160	1446	719	2922	2824	1708	2861
SMU21_07165	6514	2432	15199	11742	6921	11090
SMU21_07170	632	1014	1336	1617	925	1368
SMU21_07175	355	552	812	803	457	687
SMU21_07180	691	1144	1564	1703	1024	1452
SMU21_07185	508	892	1084	1253	755	1062
SMU21_07190	198	285	410	410	241	386
SMU21_07195	92	133	189	210	106	132
SMU21_07200	504	734	1178	1252	747	984
SMU21_07205	269	338	590	681	375	611
SMU21_07210	196	194	420	462	275	427
SMU21_07215	103	110	214	244	128	202
SMU21_07220	48	47	186	207	99	194
SMU21_07225	139	89	319	400	256	339
SMU21_07230	229	120	525	654	376	571
SMU21_07235	370	307	875	1563	838	1296
SMU21_07240	340	291	740	1344	844	1194
SMU21_07245	668	495	1638	1053	633	850
SMU21_07250	409	300	1000	531	387	481
SMU21_07255	555	864	1478	1070	752	934
SMU21_07260	476	901	968	1801	1060	1523
SMU21_07265	512	920	1210	1820	948	1354
SMU21_07270	905	1614	1941	14817	9506	13899
SMU21_07275	719	2274	1269	2966	1771	2504
SMU21_07280	2536	3501	6622	7769	4508	6327
SMU21_07285	3393	3412	6783	9295	5609	8179
SMU21_07290	3633	3529	7883	10503	5836	9015
SMU21_07295	950	601	2067	3048	1571	2421
SMU21_00600	467	605	988	935	557	767
SMU21_00605	611	977	1520	1190	716	1007
SMU21_00610	159	245	382	309	179	255
SMU21_00615	482	381	1087	1310	744	1146
SMU21_00620	1104	675	2466	3239	1851	3261
SMU21_00625	89	39	217	285	166	242
SMU21_00630	2214	1162	4529	6707	3981	6233
SMU21_00635	315	160	789	931	480	726
SMU21_00640	2899	1128	6649	5895	3652	5536
SMU21_00645	2071	741	4431	3686	2421	3396
SMU21_00650	312	335	658	815	471	641
SMU21_00655	429	407	876	1112	727	965
SMU21_00660	2319	5533	5040	6448	3668	5231
SMU21_00665	235	564	506	1499	1032	1682
SMU21_00670	258	452	504	1503	1086	1704
SMU21_00675	42	31	86	244	189	293
SMU21_00680	101	49	171	525	352	644
SMU21_00685	416	384	1066	1595	924	1340
SMU21_00690	24	12	67	74	34	50
SMU21_00695	857	1198	1884	4154	1974	2606
SMU21_00700	485	653	879	2987	1598	2319
SMU21_00705	337	591	681	1857	938	1352
SMU21_00710	445	939	887	1738	1001	1437
SMU21_00715	5352	12875	12150	14408	8462	12065
SMU21_00720	1903	3202	4613	3845	2517	3538
SMU21_00725	1785	2297	4645	3460	2306	3343
SMU21_00730	975	508	2343	1779	1153	1979
SMU21_00735	1250	695	3373	2642	1627	2657
SMU21_00740	1449	1119	3681	3331	1967	3053
SMU21_00745	1105	922	2569	1945	1195	1919
SMU21_00750	1456	1215	3401	2906	1774	2769
SMU21_00755	1527	1236	3661	3143	1878	2925
SMU21_00760	889	709	1952	1925	1100	1769
SMU21_00765	173	120	337	976	519	779
SMU21_00770	1550	975	3441	5657	2924	4532
SMU21_00775	1301	706	2818	4067	2154	3422
SMU21_00780	1836	2101	4431	5850	3043	4451
SMU21_00785	1779	990	4478	2420	1745	2843
SMU21_00790	5	6	9	9	5	14
SMU21_00795	47	43	105	138	82	153
SMU21_00800	17	14	60	51	40	45
SMU21_00805	1202	879	2708	3979	2061	3371
SMU21_00810	668	683	1409	2396	1375	1999
SMU21_00815	562	466	1012	1959	1054	1709
SMU21_00820	622	1084	1401	2344	1176	1775
SMU21_00825	2	5	10	14	4	7
SMU21_00830	993	2573	2040	2343	1355	1897
SMU21_07300	0	0	0	0	0	0
SMU21_07305	0	0	0	0	0	0
SMU21_07310	0	0	0	0	0	0
SMU21_07325	4280	6000	10024	9438	5580	8021
SMU21_07330	2953	4948	6417	6220	4054	5702
SMU21_07335	2134	4070	4636	4346	2879	3748
SMU21_07340	1203	2059	2614	2792	1561	2298
SMU21_07345	3095	2937	7191	14671	8148	12137
SMU21_07350	1677	2504	4608	13791	7260	12370
SMU21_07355	2249	5876	4615	7878	5022	6866
SMU21_07360	260	304	506	939	534	889
SMU21_07365	264	750	1105	87	99	88
SMU21_07370	2394	7790	10313	874	1121	854
SMU21_07375	1996	5744	8351	615	756	521
SMU21_07380	3653	10855	15941	1001	1310	794
SMU21_07385	790	2342	1879	2409	1530	2413
SMU21_07390	4405	18122	11921	13381	9412	12861
SMU21_07395	2369	10593	7031	8310	5494	7621
SMU21_07400	334	1816	910	1041	673	956
SMU21_07405	82	245	238	272	172	241
SMU21_07410	141	410	377	406	267	373
SMU21_07415	72	188	196	238	131	179
SMU21_07420	513	463	922	1803	1058	1503
SMU21_07425	275	184	605	827	492	749
SMU21_07430	229	357	476	661	368	561
SMU21_07435	121	249	275	409	231	340
SMU21_07440	32	27	96	223	138	184
SMU21_07445	17	24	48	133	79	113
SMU21_07450	21	42	52	174	95	122
SMU21_07455	24	47	61	206	134	168
SMU21_07460	38	44	82	273	145	197
SMU21_07465	4485	10131	9578	11322	6505	9246
SMU21_07470	539	881	1250	1325	700	1006
SMU21_07475	3514	2255	7204	8310	4736	7909
SMU21_07480	386	224	770	1191	698	1010
SMU21_07485	269	369	623	1408	793	1255
SMU21_07490	1074	1301	2029	5500	3082	4689
SMU21_07495	46	28	124	140	73	120
SMU21_07500	392	96	805	926	548	878
SMU21_07505	18	2	33	37	18	26
SMU21_07510	217	211	496	884	499	799
SMU21_07515	448	758	929	1759	1045	1531
SMU21_07520	316	696	635	1162	678	949
SMU21_07525	368	759	727	1297	796	1006
SMU21_07530	41	60	73	225	109	174
SMU21_07535	486	782	802	2597	1543	2254
SMU21_07540	644	1205	1316	2892	1773	2550
SMU21_07545	928	2292	2365	3567	2051	2834
SMU21_07550	941	1614	2394	3177	1635	2449
SMU21_07555	497	809	1248	1461	905	1136
SMU21_07560	111	216	205	425	272	366
SMU21_07565	542	633	1247	1667	994	1633
SMU21_07570	10394	26065	29301	87819	50879	71503
SMU21_07575	346	538	692	1578	927	1362
SMU21_07580	1395	3002	2856	4748	2830	4126
SMU21_07585	115	121	230	96	68	87
SMU21_07590	69	102	159	76	48	62
SMU21_07595	909	2530	1966	2290	1499	1952
SMU21_07600	681	1154	1490	1947	989	1497
SMU21_07605	200	331	509	575	365	485
SMU21_07610	1134	2628	2494	3162	1894	2504
SMU21_07615	111	104	266	375	269	363
SMU21_07620	1357	1687	2899	3364	1744	2630
SMU21_07625	316	206	636	503	313	419
SMU21_07630	2944	5417	5988	12854	7565	10580
SMU21_07635	4714	5182	11026	9746	6046	9516
SMU21_07640	6253	5675	16453	12076	6753	10967
SMU21_07645	1795	1018	5105	2681	1568	2128
SMU21_07650	7327	6139	19837	15287	8487	13212
SMU21_07655	6394	6481	19260	13754	7870	11611
SMU21_07660	4854	5356	14578	9904	5873	8276
SMU21_07665	10121	12957	28248	21839	13583	19955
SMU21_07670	3567	4824	11296	8203	5148	7060
SMU21_07675	4872	6282	13561	11410	6330	10207
SMU21_07680	10094	13027	29008	21509	13054	18914
SMU21_07685	7392	10225	20634	15094	9226	13706
SMU21_07690	5211	7940	14539	10467	6782	9275
SMU21_07695	1750	1179	4192	6325	3646	5715
SMU21_07700	1247	501	2840	3613	1976	3472
SMU21_07705	2442	3027	5412	7739	4199	6640
SMU21_07710	445	157	1006	834	512	916
SMU21_07715	2238	455	5817	4379	2647	4958
SMU21_07720	780	228	1770	1178	759	1246
SMU21_07725	1903	3598	4007	4278	2293	3272
SMU21_07730	47	26	70	239	111	154
SMU21_07735	305	355	574	866	464	703
SMU21_07740	1205	2000	2140	7866	4382	6186
SMU21_07745	1501	3641	2710	8836	5051	6794
SMU21_07750	1481	2079	3072	4127	2220	3148
SMU21_07755	1372	1015	2893	5227	3538	4587
SMU21_07760	1883	1387	4334	5175	3184	4669
SMU21_07765	2081	1391	4909	5707	3409	5161
SMU21_07770	1066	705	2687	2857	1730	2663
SMU21_07775	520	304	1433	1383	847	1266
SMU21_07780	598	244	1743	1574	839	1382
SMU21_07785	861	257	2374	1965	1101	1856
SMU21_07790	780	235	1907	1589	867	1424
SMU21_07795	1095	923	2456	2107	1143	1852
SMU21_07800	262	320	757	466	277	411
SMU21_07805	1290	3436	2609	6807	3851	5214
SMU21_07810	2155	5961	4422	12388	7415	10300
SMU21_07815	489	948	891	819	469	677
SMU21_07820	381	160	920	1139	676	971
SMU21_07825	276	140	666	893	532	817
SMU21_07830	184	75	369	627	387	594
SMU21_07835	0	0	0	0	0	0
SMU21_07840	0	0	0	0	0	0
SMU21_07845	0	0	0	0	0	0
SMU21_07850	0	0	0	0	0	0
SMU21_07855	0	0	0	0	0	0
SMU21_07860	0	0	0	0	0	0
SMU21_07865	0	0	0	0	0	0
SMU21_07870	0	0	0	0	0	0
SMU21_07875	0	0	0	0	0	0
SMU21_07880	0	0	0	0	0	0
SMU21_07885	0	0	0	0	0	0
SMU21_07890	0	0	0	0	0	0
SMU21_07895	0	0	0	0	0	0
SMU21_07900	0	0	0	0	0	0
SMU21_07905	0	0	0	0	0	0
SMU21_07910	0	0	0	0	0	0
SMU21_07915	0	0	0	0	0	0
SMU21_07920	0	0	0	0	0	0
SMU21_07925	0	0	0	0	0	0
SMU21_07930	0	0	0	0	0	0
SMU21_07935	0	0	0	0	0	0
SMU21_07940	0	0	0	0	0	0
SMU21_07945	0	0	0	0	0	0
SMU21_07950	0	0	0	0	0	0
SMU21_07955	0	0	0	0	0	0
SMU21_07960	0	0	0	0	0	0
SMU21_07965	865	2372	1788	1548	985	1314
SMU21_07970	685	1455	1453	1351	809	1033
SMU21_07975	491	1024	918	976	655	897
SMU21_07980	678	1401	1226	4157	2442	3734
SMU21_07985	1866	3233	3098	13755	8250	12368
SMU21_07990	1104	1402	1903	3925	2466	3645
SMU21_07995	677	1107	1363	3667	2052	3191
SMU21_08000	881	2025	2264	14001	8263	11045
SMU21_08005	964	1902	2162	5188	2809	4050
SMU21_08010	6804	16012	11635	20073	11657	15336
SMU21_08015	448	526	982	1183	745	1090
SMU21_08020	392	410	859	887	598	775
SMU21_08025	658	479	1429	1485	872	1431
SMU21_08030	1392	908	3233	2291	1405	2385
SMU21_08035	1899	2159	4177	5291	3391	5069
SMU21_08040	2449	1962	7159	5514	3587	5890
SMU21_08045	3312	2731	8659	7850	5401	9306
SMU21_08050	633	132	1366	1617	892	1726
SMU21_08055	318	108	772	1061	579	958
SMU21_08060	389	139	927	1419	863	1308
SMU21_08065	303	66	653	1043	565	1107
SMU21_08070	161	98	313	478	276	389
SMU21_08075	141	35	263	398	215	416
SMU21_08080	135	32	329	443	263	510
SMU21_08085	1075	2400	2193	2916	1789	2599
SMU21_08090	641	992	1155	1825	1090	1640
SMU21_08095	425	684	825	1250	775	1066
SMU21_08100	1079	2574	2468	2497	1517	2034
SMU21_08105	1239	2464	2591	2359	1400	1901
SMU21_08110	894	922	2205	1100	715	836
SMU21_08115	850	332	1770	1070	585	853
SMU21_08120	978	374	1978	1256	688	1054
SMU21_08125	3767	8715	8926	7118	4352	6157
SMU21_08130	546	250	1194	1255	714	1094
SMU21_08135	15	1	73	19	21	24
SMU21_08140	7	1	44	20	22	20
SMU21_08145	10	4	58	24	18	33
SMU21_08150	21	4	91	25	16	18
SMU21_08155	19	5	69	25	14	36
SMU21_08160	26	6	129	39	20	32
SMU21_08165	63	15	167	75	47	80
SMU21_08170	374	709	1000	2082	1290	2171
SMU21_08175	26921	59112	67238	75003	47415	68101
SMU21_08180	18717	36695	49283	53230	32599	45861
SMU21_08185	2124	3400	4261	7202	4015	6294
SMU21_08190	3068	2804	6382	5777	3501	5277
SMU21_08195	209	320	596	703	392	591
SMU21_08200	409	427	982	1398	865	1180
SMU21_08205	178	120	428	578	318	469
SMU21_08210	600	748	1310	2580	1371	2002
SMU21_08215	79	42	136	108	70	90
SMU21_08220	180	299	366	1027	550	830
SMU21_08225	297	720	672	1881	1015	1371
SMU21_08230	373	1102	785	2246	1337	1894
SMU21_08235	515	1422	1162	2708	1450	2029
SMU21_08240	952	2415	2122	2443	1396	1951
SMU21_08245	610	1630	1252	1333	879	1159
SMU21_08250	3136	11370	7361	15102	9431	14226
SMU21_08255	516	1082	1025	1918	1040	1527
SMU21_08260	592	264	1470	1008	577	981
SMU21_08265	877	1460	1607	2363	1484	2127
SMU21_08270	46	83	80	52	42	65
SMU21_08275	4762	5160	7649	3602	2607	3058
SMU21_08280	1027	2454	2374	1380	978	1273
SMU21_08285	256	328	429	2124	1096	1556
SMU21_08290	847	1689	2048	5821	3177	4538
SMU21_08295	129	5530	367	614	465	716
SMU21_08300	268	11132	866	1288	1027	1491
SMU21_08305	222	8504	682	1093	872	1166
SMU21_08310	96	4695	402	450	384	455
SMU21_08315	312	12956	1052	1360	1074	1506
SMU21_08320	85	22	264	158	95	144
SMU21_08325	547	623	1160	1348	867	1120
SMU21_08330	129	127	304	309	224	328
SMU21_08335	61	105	165	309	169	290
SMU21_08340	724	1245	2496	8394	4212	6555
SMU21_08345	1643	2578	5889	20190	10262	16468
SMU21_08350	3322	5299	12048	41045	20747	30782
SMU21_08355	64	76	190	345	189	291
SMU21_08360	165	139	445	775	427	618
SMU21_08365	137	110	332	638	349	492
SMU21_08370	48	13	100	113	84	135
SMU21_08375	181	67	446	527	291	511
SMU21_08380	5113	3298	11838	15893	9242	15643
SMU21_08385	1246	687	2979	3976	2406	3978
SMU21_08390	1970	1669	4047	4239	2412	3706
SMU21_08395	648	592	1526	2171	1172	1730
SMU21_08400	679	327	1274	1930	1091	1902
SMU21_08405	1410	840	2846	4508	2379	4015
SMU21_08410	1698	1518	3431	5476	3085	4900
SMU21_08415	5312	4967	12141	10692	6536	9859
SMU21_08420	3479	3388	7568	6734	4101	6312
SMU21_08425	3888	4046	9851	7884	4569	6480
SMU21_08430	663	395	1394	1126	638	937
SMU21_08435	406	224	953	680	366	553
SMU21_08440	649	495	1444	1407	770	1218
SMU21_08445	687	833	1646	1605	936	1400
SMU21_08450	248	97	579	786	472	647
SMU21_08455	142	93	309	266	132	195
SMU21_08460	2105	2492	4168	6316	3971	5210
SMU21_08465	635	1474	1388	677	505	648
SMU21_08470	503	1002	1067	746	455	631
SMU21_08475	4911	3177	11223	21586	11568	17620
SMU21_08480	2964	4208	6181	11337	6826	9626
SMU21_08485	57567	157298	128862	149057	87768	125861
SMU21_08490	12725	29382	26666	41097	24165	35599
SMU21_00835	337	171	807	1020	619	968
SMU21_00840	178	483	336	327	311	363
SMU21_00845	2738	1644	8075	4742	3307	5922
SMU21_00850	4	0	18	3	4	5
SMU21_00855	2155	3481	4854	5257	3203	4826
SMU21_00860	731	652	1775	1716	1007	1601
SMU21_00865	711	385	1639	1643	966	1595
SMU21_00870	2252	1545	4470	4841	2851	4698
SMU21_00875	518	789	1180	1015	615	844
SMU21_00880	1280	2962	2625	6949	4137	5553
SMU21_00885	765	1407	1674	3399	1789	2551
SMU21_00890	881	1571	1723	3876	2211	3127
SMU21_00895	502	800	1015	1157	697	934
SMU21_00900	1667	3258	3951	4756	2954	4311
SMU21_00905	862	1583	2266	2507	1522	2103
SMU21_00910	1111	2109	2721	3093	1887	2894
SMU21_00915	508	809	1116	1168	775	1082
SMU21_00920	98	163	205	201	157	189
SMU21_00925	3642	7411	7521	6689	4280	5731
SMU21_00930	353	136	805	550	389	523
SMU21_00935	247	142	554	452	304	417
SMU21_08511	108	122	388	179	129	191
SMU21_08516	1433	1358	3494	6396	3922	6156
SMU21_08521	1949	873	4711	8694	4919	8145
SMU21_08526	14	4	33	31	22	38
SMU21_08531	15	3	50	55	23	62
SMU21_08536	1935	984	5466	4341	2818	4228
SMU21_08541	1528	833	4876	3696	2321	3479
SMU21_08546	1076	848	3450	2452	1524	2124
SMU21_08551	1762	2505	5044	4246	2625	3869
SMU21_08556	603	545	1342	1672	1026	1419
SMU21_08561	1065	676	2372	3178	1969	3229
SMU21_08566	0	0	0	0	0	0
SMU21_08571	0	0	0	0	0	0
SMU21_08576	0	0	0	0	0	0
SMU21_08581	0	0	0	0	0	0
SMU21_08586	0	0	0	0	0	0
SMU21_08591	0	0	0	0	0	0
SMU21_08596	0	0	0	0	0	0
SMU21_08601	0	0	0	0	0	0
SMU21_08606	0	0	0	0	0	0
SMU21_08611	0	0	0	0	0	0
SMU21_08616	3	10	11	23	10	12
SMU21_08621	598	1484	1337	2923	1602	2319
SMU21_08626	189	406	438	955	478	784
SMU21_08631	272	454	655	1236	695	1073
SMU21_08636	212	279	477	806	467	778
SMU21_08641	178	63	456	770	430	680
SMU21_08646	359	220	839	1476	812	1185
SMU21_08651	1264	2085	2851	1683	1123	1521
SMU21_08656	251	148	636	461	310	427
SMU21_08671	896	1267	2043	2405	1418	2259
SMU21_08676	2443	3695	5486	6711	4019	5772
SMU21_08681	10853	29615	24412	40544	23775	31952
SMU21_08686	993	512	3551	2011	1216	2465
SMU21_08691	760	426	3275	1845	1102	1965
SMU21_08696	1866	6652	4032	2904	1923	2515
SMU21_08701	1827	5734	4223	2744	1785	2248
SMU21_08706	3306	8011	7027	4749	2911	4291
SMU21_08711	4934	8775	9382	5497	3291	5557
SMU21_08716	1522	1987	3116	2435	1378	2153
SMU21_08721	3334	3555	6519	5351	3035	4928
SMU21_08726	1389	976	3269	2892	1674	2848
SMU21_08731	555	392	1310	1195	648	1108
SMU21_08736	115	72	313	352	190	278
SMU21_08741	3507	7330	8492	6808	4460	5865
SMU21_08746	841	380	1687	1809	1074	1773
SMU21_08751	439	158	923	1170	621	1141
SMU21_08756	34	25	69	131	73	118
SMU21_08761	9290	11323	20765	23789	15042	22334
SMU21_08766	1159	672	2681	1662	1013	1673
SMU21_08771	1205	787	2908	1933	1182	1895
SMU21_08776	1071	920	2618	1906	1118	1669
SMU21_08781	1740	2366	3910	3164	2067	3014
SMU21_08786	1479	1965	3424	2660	1562	2376
SMU21_08791	1648	1648	3724	2912	1694	2536
SMU21_08796	589	582	1397	1545	866	1291
SMU21_08801	881	1094	1871	2214	1321	1917
SMU21_08806	401	591	1013	1095	651	887
SMU21_08811	1872	4686	3975	5676	3833	5595
SMU21_08816	1072	1759	2376	3826	2265	3508
SMU21_08821	711	1204	1404	2123	1145	1738
SMU21_08826	182	117	475	565	364	525
SMU21_08831	87	51	247	323	204	274
SMU21_08836	24	20	63	175	93	147
SMU21_08841	44	34	62	190	117	176
SMU21_08846	58	63	110	314	152	283
SMU21_08851	803	1690	1885	4812	2661	3970
SMU21_08856	152	275	380	827	485	660
SMU21_08861	246	171	624	1358	736	1204
SMU21_08866	20	19	67	132	85	140
SMU21_08871	336	143	781	1580	881	1517
SMU21_08876	0	0	0	0	0	0
SMU21_08891	1093	2599	2509	1834	1374	1848
SMU21_08896	319	543	824	357	305	374
SMU21_08901	238	506	576	392	250	370
SMU21_08906	95	150	175	151	101	151
SMU21_08911	246	421	617	677	453	609
SMU21_08916	320	432	824	1002	576	842
SMU21_08921	357	537	784	1013	598	843
SMU21_08926	516	1128	1108	1373	844	1232
SMU21_08931	1591	5801	3278	5932	3730	5610
SMU21_08936	1570	4978	3714	6282	3616	5182
SMU21_08941	2246	5966	5398	9139	5588	8257
SMU21_08946	1257	2621	2910	1737	1234	1537
SMU21_08951	931	1113	1914	2314	1513	2039
SMU21_08956	1571	984	3607	2428	1401	2167
SMU21_08961	1390	828	3013	2119	1190	1797
SMU21_08966	1116	854	2339	1737	1116	1550
SMU21_08971	905	429	1795	1095	780	1298
SMU21_08976	330	270	764	1193	674	925
SMU21_08981	122	72	308	575	269	437
SMU21_08986	505	283	928	1648	857	1254
SMU21_08991	237	331	545	437	390	296
SMU21_08996	3487	6630	8928	5074	3203	4032
SMU21_09001	882	535	1968	3078	1859	2766
SMU21_09006	254	220	533	908	459	721
SMU21_09011	12310	15817	25673	56833	31105	45241
SMU21_09016	12040	18671	23406	61041	36040	54147
SMU21_09021	1746	2031	4027	8320	4767	7052
SMU21_09026	387	336	1020	466	241	457
SMU21_09031	614	599	1471	611	394	548
SMU21_09036	400	556	1109	521	267	531
SMU21_09041	811	1113	1829	1739	1101	1736
SMU21_09046	333	374	725	505	291	455
SMU21_09051	30155	77318	63518	43950	27824	38680
SMU21_09058	10505	30709	20800	15300	10455	13488
SMU21_09063	13660	18942	35627	59937	32558	49300
SMU21_09078	0	0	0	0	0	0
SMU21_09083	2881	10267	5949	6285	4113	5466
SMU21_09096	0	0	0	0	0	0
SMU21_09101	0	0	0	0	0	0
SMU21_09106	0	0	0	0	0	0
SMU21_09111	0	0	0	0	0	0
SMU21_09116	0	0	0	0	0	0
SMU21_09121	0	0	0	0	0	0
SMU21_09126	0	0	0	0	0	0
SMU21_09131	1	0	1	3	0	1
SMU21_09136	0	0	0	0	0	0
SMU21_09141	6137	18506	12225	26225	15665	22198
SMU21_09146	135	126	232	261	156	247
SMU21_09151	234	133	445	547	315	403
SMU21_09156	92	53	169	205	129	164
SMU21_09161	99	70	199	300	143	218
SMU21_09166	123	116	241	360	214	313
SMU21_09171	57	89	111	220	128	210
SMU21_09176	26	36	41	87	46	69
SMU21_09181	41	47	80	130	63	99
SMU21_09186	1034	2672	2309	2041	1231	1647
SMU21_09191	355	340	359	540	543	297
SMU21_09196	1676	4184	3277	4182	2510	3611
SMU21_09201	267	420	555	649	449	600
SMU21_09206	992	1102	2203	2794	1602	2341
SMU21_09211	763	1347	1421	4290	2677	3855
SMU21_09216	798	1505	1828	1787	1175	1591
SMU21_09221	2129	4316	4180	5862	3319	4952
SMU21_09226	1353	2846	2848	4723	2789	3802
SMU21_09231	3882	4786	7815	14082	7693	12109
SMU21_09236	8689	21028	17618	18883	11690	16667
SMU21_09241	620	1164	1414	2431	1244	1984
SMU21_09246	42	25	121	190	123	167
SMU21_09251	490	171	1101	1915	1060	1898
SMU21_09256	32	12	82	97	52	79
SMU21_09261	103	65	260	285	169	260
SMU21_09266	0	0	0	0	0	0
SMU21_09271	0	0	0	0	0	0
SMU21_09276	0	0	0	0	0	0
SMU21_09281	0	0	0	0	0	0
SMU21_09286	0	0	0	0	0	0
SMU21_09291	2262	3448	5476	9337	4881	7444
SMU21_09296	0	0	0	0	0	0
SMU21_09301	0	0	0	0	0	0
SMU21_09306	0	0	0	0	0	0
SMU21_09311	0	0	0	0	0	0
SMU21_09316	0	0	0	0	0	0
SMU21_09321	0	0	0	0	0	0
SMU21_09326	387	422	823	1253	637	1024
SMU21_09331	288	308	627	840	494	798
SMU21_09336	884	796	1909	2776	1626	2251
SMU21_09341	189	40	406	692	334	655
SMU21_09346	837	276	1815	2576	1275	1914
SMU21_09351	392	219	723	910	541	806
SMU21_09358	10254	25346	24573	39073	22257	30649
SMU21_09363	27250	67982	61482	73382	43532	60147
SMU21_09368	6824	16982	15010	19041	10751	14727
SMU21_09373	1067	3074	3812	943	771	861
SMU21_00940	137	308	356	628	384	503
SMU21_00945	3817	1172	10483	20336	12650	21097
SMU21_00950	262	416	704	681	441	652
SMU21_00955	1045	2516	2373	2003	1459	2130
SMU21_00960	801	1702	1885	1466	1031	1409
SMU21_00965	66	114	173	112	73	110
SMU21_00970	1715	2704	3867	3587	2477	3411
SMU21_00975	1219	1838	2596	3078	1911	2808
SMU21_00980	1617	2905	3274	4091	2434	3567
SMU21_00985	2274	3880	4631	5961	3604	5369
SMU21_00990	371	409	852	973	548	680
SMU21_00995	0	0	0	1	0	0
SMU21_01000	0	0	0	0	0	0
SMU21_01005	0	0	0	0	0	0
SMU21_01010	108	160	179	323	199	273
SMU21_01015	2247	2372	4257	8757	4833	7324
SMU21_01020	1536	1278	2869	4684	2759	4231
SMU21_01025	488	670	1153	2031	1284	1884
SMU21_01030	204	273	389	822	524	781
SMU21_01035	171	289	381	491	276	432
SMU21_01040	543	819	1019	2895	1699	2676
SMU21_01045	322	551	713	1789	1030	1635
SMU21_01050	351	503	700	1792	1015	1604
SMU21_01055	166	257	401	971	574	857
SMU21_01060	197	227	382	840	491	753
SMU21_01065	287	305	569	1376	806	1198
SMU21_01070	394	365	795	1780	1033	1564
SMU21_01075	138	101	256	528	317	499
SMU21_01080	11	13	24	30	10	23
SMU21_09378	216	333	765	3205	1788	2654
SMU21_09383	1857	2852	7264	26627	13567	20616
SMU21_09388	68	81	91	768	429	717
SMU21_09393	64	97	106	726	380	592
SMU21_09398	0	0	0	0	0	0
SMU21_09403	0	0	0	0	0	0
SMU21_09408	0	0	0	0	0	0
SMU21_09413	294	145	538	1231	655	895
SMU21_09418	589	446	1138	1746	1036	1529
SMU21_09423	429	310	808	1324	792	1179
SMU21_09428	5	1	6	4	0	4
SMU21_09433	0	0	0	0	0	0
SMU21_09438	0	0	0	0	0	0
SMU21_09443	0	0	0	0	0	0
SMU21_09448	0	0	0	0	0	0
SMU21_09463	0	0	0	0	0	0
SMU21_09468	0	0	0	0	0	0
SMU21_09473	0	0	0	0	0	0
SMU21_09478	0	0	0	0	0	0
SMU21_09483	3920	8548	9969	6488	3819	5097
SMU21_09488	9814	20675	22926	16381	10462	14376
SMU21_09493	188	201	312	650	380	517
SMU21_09498	396	438	639	1379	896	1140
SMU21_09503	611	662	881	1723	1134	1405
SMU21_09508	1019	2168	2155	2656	1575	2153
SMU21_09513	689	1322	1433	1755	1024	1535
SMU21_09518	169	68	465	588	298	580
SMU21_09523	306	206	784	1031	553	1070
SMU21_09528	187	354	455	788	485	703
SMU21_09533	256	517	650	1088	653	1065
SMU21_09538	897	1368	2168	2380	1627	2088
SMU21_09543	2471	3808	5987	7085	4341	6101
SMU21_09548	1303	1979	3241	3670	2140	3180
SMU21_09553	1654	2414	3971	4353	2704	3923
SMU21_09558	5397	8578	12468	13879	8437	12326
SMU21_09563	5366	16066	8584	9691	7223	8267
SMU21_09568	11	2	17	27	11	19
SMU21_09573	40	5	59	71	49	79
SMU21_09578	10	1	19	20	13	24
SMU21_09583	46	13	78	109	59	93
SMU21_09588	30	13	39	48	34	54
SMU21_09593	254	405	478	783	525	680
SMU21_09598	1243	3924	2263	7354	4197	5723
SMU21_09603	1008	3457	1880	5493	3291	4620
SMU21_09608	825	2670	1427	4047	2351	3347
SMU21_09613	0	0	0	0	0	0
SMU21_09618	37	24	116	149	72	101
SMU21_09623	3543	4712	8786	18156	10516	13694
SMU21_09628	8610	12086	18056	47200	28894	42127
SMU21_09633	450	220	938	1118	691	1117
SMU21_09638	311	114	695	853	456	773
SMU21_09643	0	0	0	0	0	0
SMU21_09648	0	0	0	0	0	0
SMU21_09653	0	0	0	0	0	0
SMU21_09658	0	0	0	0	0	0
SMU21_09663	0	0	0	0	0	0
SMU21_09668	0	0	0	0	0	0
SMU21_09673	0	0	0	0	0	0
SMU21_09678	0	0	0	0	0	0
SMU21_09683	365	679	779	1532	924	1318
SMU21_09688	912	1902	1930	3007	1901	2654
SMU21_09693	519	1098	1015	1503	1015	1346
SMU21_09698	0	0	0	0	0	0
SMU21_09703	0	0	0	0	0	0
SMU21_09708	0	0	0	0	0	0
SMU21_09713	0	0	0	0	0	0
SMU21_09718	0	0	0	0	0	0
SMU21_09723	0	0	0	0	0	0
SMU21_09728	0	0	0	0	0	0
SMU21_09733	1610	2149	3384	6715	3951	5409
SMU21_09738	2332	2995	5100	10277	5631	8482
SMU21_01085	10815	23085	23182	40208	26856	33170
SMU21_01090	780	315	2110	2300	1120	1873
SMU21_01095	1614	732	3591	4737	2656	4156
SMU21_01100	1714	1318	3404	5258	3212	4857
SMU21_01105	1275	1249	3020	3629	2153	3173
SMU21_01110	567	340	1303	1487	851	1368
SMU21_01115	823	466	1817	2237	1201	1931
SMU21_01120	789	699	1762	2702	1437	2235
SMU21_01125	233	266	571	980	520	769
SMU21_01130	1388	2132	2829	5275	2875	4273
SMU21_01135	572	1066	1351	1092	713	1032
SMU21_01140	206	428	558	557	305	477
SMU21_01145	103	24	168	94	48	58
SMU21_01150	96	41	168	124	53	71
SMU21_01155	445	825	973	931	571	806
SMU21_01160	770	2171	1734	1522	978	1362
SMU21_01165	196	509	319	257	185	210
SMU21_01170	2872	7695	4524	4376	2780	3645
SMU21_01175	804	1923	1164	1358	863	1152
SMU21_01180	1585	4313	2887	2781	1833	2511
SMU21_01185	1277	3181	2536	2199	1361	1883
SMU21_01190	853	1981	1670	2349	1501	1777
SMU21_01195	130	188	299	177	114	148
SMU21_01200	8828	12083	22045	35293	18321	26706
SMU21_01205	211	79	523	853	470	840
SMU21_01210	547	317	1255	1550	749	1398
SMU21_09743	13	40	45	75	49	46
SMU21_09748	2653	2153	5808	3424	1994	3238
SMU21_09753	1159	2472	2522	2066	1336	1793
SMU21_09780	226	844	201	442	287	279
SMU21_09785	4777	3297	12966	15155	7934	13784
SMU21_09790	0	0	0	0	0	0
SMU21_09795	0	0	0	0	0	0
SMU21_09800	0	0	0	0	0	0
SMU21_09805	0	0	0	0	0	0
SMU21_09810	0	0	0	0	0	0
SMU21_09815	68	40	229	135	75	131
SMU21_09820	846	1787	1779	3529	2006	2942
SMU21_09825	176	540	346	186	135	172
SMU21_09830	178	161	389	467	249	448
SMU21_01215	643	632	1631	1313	918	1559
SMU21_01220	6023	5140	17429	12287	8386	13387
SMU21_01225	4615	3463	14653	9583	5992	9397
SMU21_01230	2043	1430	6055	3365	2403	3314
SMU21_01235	2689	5517	5756	7833	4367	5141
SMU21_01240	17155	38815	37135	44533	23200	29187
SMU21_01245	201	125	406	491	291	519
SMU21_01250	145	258	320	367	203	270
SMU21_01255	1690	2295	2880	8150	4305	6611
SMU21_01260	1079	1155	1885	2764	1636	2508
SMU21_01265	625	662	1124	1516	903	1353
SMU21_01270	1592	1961	3140	4349	2596	3773
SMU21_01275	380	357	800	2631	1413	2111
SMU21_01280	434	357	993	3206	1780	2662
SMU21_01285	6715	16786	14517	19014	11075	15199
SMU21_01290	3531	2760	7843	9727	5230	8288
SMU21_01295	1863	1093	4355	2310	1317	2261
SMU21_01300	1124	1688	2748	1315	735	1165
SMU21_01305	936	1894	2224	1079	662	928
SMU21_01310	796	1939	1673	876	523	745
SMU21_01315	843	2184	1927	909	602	772
SMU21_01320	976	2395	2145	1580	1062	1483
SMU21_01325	677	1647	1506	970	686	925
SMU21_01330	2563	6854	5224	3802	2639	3488
SMU21_01335	605	1694	1396	891	568	701
SMU21_01340	374	438	825	1082	592	945
SMU21_01345	1802	2178	4052	6278	3455	4953
SMU21_01350	2601	4942	5140	8457	4623	7047
SMU21_01355	1044	1237	2534	3177	2178	3270
SMU21_01360	249	242	527	642	427	749
SMU21_01365	130	45	326	255	188	251
SMU21_01370	189	80	512	399	311	383
SMU21_01375	2627	2499	6489	4538	2364	3710
SMU21_01380	1204	436	2861	2464	1363	2193
SMU21_01385	2307	650	5593	5321	2943	5262
SMU21_01390	1967	2104	4745	6434	3582	5809
SMU21_01395	3474	5544	8267	10375	5819	8824
SMU21_01400	1517	2385	3922	4427	2522	3621
SMU21_01405	1095	1827	2653	3100	1686	2520
SMU21_01410	459	261	1095	1792	1050	1616
SMU21_01415	508	252	1402	2295	1255	2090
SMU21_01420	72	27	131	233	111	216
SMU21_09835	366	350	927	1591	886	1538
SMU21_09840	475	563	1249	1072	611	933
SMU21_09903	11	8	20	18	24	46
SMU21_09908	51	18	96	185	117	205
SMU21_01425	97	53	194	369	192	242
SMU21_01430	64	33	124	239	108	201
SMU21_01435	2194	1965	4174	12711	7363	11171
SMU21_01440	163	78	384	359	207	353
SMU21_01445	207	94	463	480	271	475
SMU21_01450	8	0	13	21	8	11
SMU21_01455	11	6	28	31	22	29
SMU21_01460	279	62	586	705	438	797
SMU21_01465	74	18	183	249	119	220
SMU21_01470	123	38	321	416	239	413
SMU21_01475	92	19	260	404	245	383
SMU21_01480	171	30	377	577	325	596
SMU21_01485	109	71	279	451	273	429
SMU21_01490	114	114	231	505	265	428
SMU21_01495	605	795	1414	1021	594	835
SMU21_01500	5439	11514	11908	9771	5606	8163
SMU21_01505	1135	2743	3234	3383	2138	3048
SMU21_01510	2135	6377	6497	3139	2103	2525
SMU21_01515	5262	16440	16808	7784	5310	6526
SMU21_01520	8560	25414	25487	5729	4250	4065
SMU21_01525	2523	6936	6721	1918	1455	1475
SMU21_01530	199	430	401	307	193	265
SMU21_01535	8483	18102	20586	20857	11986	15069
SMU21_01540	59038	135975	121369	199980	120407	161308
SMU21_01545	25646	55399	60486	44750	28911	37196
SMU21_01550	9034	19293	19869	15694	10074	12804
SMU21_01555	12428	25534	25868	22037	13853	18486
SMU21_01560	356	301	736	1429	768	1219
SMU21_01565	1191	1286	2471	2638	1462	2217
SMU21_01570	1477	759	3351	3285	1819	3063
SMU21_01575	956	573	2163	2286	1302	1912
SMU21_01580	1080	791	2535	2680	1465	2274
SMU21_01585	1088	763	2440	2656	1437	2374
SMU21_01590	545	1389	1278	1850	1212	1492
SMU21_01595	1344	3167	3025	5031	2882	4207
SMU21_01600	596	1157	1226	2210	1199	1745
SMU21_01605	371	820	820	1269	784	1033
SMU21_01610	409	842	912	1028	602	846
SMU21_01615	181	322	458	467	277	323
SMU21_01620	792	1496	1513	1831	1103	1594
SMU21_01625	858	1632	1866	2195	1358	1724
SMU21_01630	1026	2176	2185	2794	1534	2160
SMU21_01635	4258	8267	9708	7925	5169	6874
SMU21_01640	644	398	1544	1363	842	1362
SMU21_01645	1712	729	3788	3178	1881	2932
SMU21_01650	1611	840	3160	3094	1917	2887
SMU21_01655	533	300	1133	1081	603	906
SMU21_01660	627	2342	1331	562	381	448
SMU21_01665	1217	4815	2042	1345	845	1100
SMU21_01670	2962	1134	6240	5291	2988	4836
SMU21_01675	795	1050	1837	2785	1734	2140
SMU21_01680	1238	1655	2567	4945	2970	4455
SMU21_01685	2019	2726	4413	9682	5304	7960
SMU21_01690	2021	2450	4479	16028	8539	13503
SMU21_01695	1218	1830	2771	10909	6311	9572
SMU21_01700	1549	2479	3513	3741	2269	3266
SMU21_01705	530	791	1134	1295	799	1028
SMU21_01710	520	880	1054	1347	796	1271
SMU21_01715	5	9	22	20	6	11
SMU21_01720	1881	4187	3428	6711	3547	5466
SMU21_01725	1816	3572	3567	5831	3211	4511
SMU21_01730	685	1637	1340	2748	1699	2282
SMU21_01735	465	1216	1098	1939	1093	1584
SMU21_01740	2752	7898	5933	5326	3366	4315
SMU21_09913	15	11	49	95	44	79
SMU21_09918	26	20	56	124	86	137
SMU21_09923	19	33	63	57	38	60
SMU21_09937	2	1	5	6	2	3
SMU21_09942	25	24	53	82	25	48
SMU21_09947	295	323	571	751	508	728
SMU21_09952	33	13	53	57	26	38
SMU21_09962	189	265	509	318	171	298
SMU21_09972	0	0	0	0	0	0
SMU21_09977	8	1	17	22	9	14
